[[0, 0, 1.0], [0, 1, 0.96], [0, 2, 0.98], [0, 3, 0.17], [0, 4, -0.11], [0, 5, 0.43], [0, 6, 0.34], [0, 7, -0.02], [0, 8, 0.68], [0, 9, -0.45], [0, 10, 0.54], [0, 11, 0.76], [0, 12, 0.76], [0, 13, 0.71], [0, 14, 0.74], [0, 15, 0.19], [0, 16, 0.18], [1, 0, 0.96], [1, 1, 1.0], [1, 2, 0.99], [1, 3, 0.17], [1, 4, -0.16], [1, 5, 0.41], [1, 6, 0.34], [1, 7, -0.01], [1, 8, 0.68], [1, 9, -0.51], [1, 10, 0.5], [1, 11, 0.72], [1, 12, 0.7], [1, 13, 0.64], [1, 14, 0.73], [1, 15, 0.18], [1, 16, 0.25], [2, 0, 0.98], [2, 1, 0.99], [2, 2, 1.0], [2, 3, 0.15], [2, 4, -0.17], [2, 5, 0.42], [2, 6, 0.32], [2, 7, -0.05], [2, 8, 0.68], [2, 9, -0.5], [2, 10, 0.51], [2, 11, 0.76], [2, 12, 0.75], [2, 13, 0.73], [2, 14, 0.74], [2, 15, 0.2], [2, 16, 0.19], [3, 0, 0.17], [3, 1, 0.17], [3, 2, 0.15], [3, 3, 1.0], [3, 4, 0.79], [3, 5, 0.76], [3, 6, 0.79], [3, 7, 0.91], [3, 8, 0.71], [3, 9, -0.12], [3, 10, 0.67], [3, 11, 0.18], [3, 12, 0.29], [3, 13, -0.05], [3, 14, 0.38], [3, 15, -0.02], [3, 16, 0.41], [4, 0, -0.11], [4, 1, -0.16], [4, 2, -0.17], [4, 3, 0.79], [4, 4, 1.0], [4, 5, 0.64], [4, 6, 0.62], [4, 7, 0.79], [4, 8, 0.48], [4, 9, 0.25], [4, 10, 0.42], [4, 11, -0.05], [4, 12, 0.2], [4, 13, -0.29], [4, 14, 0.17], [4, 15, 0.06], [4, 16, 0.28], [5, 0, 0.43], [5, 1, 0.41], [5, 2, 0.42], [5, 3, 0.76], [5, 4, 0.64], [5, 5, 1.0], [5, 6, 0.62], [5, 7, 0.56], [5, 8, 0.86], [5, 9, -0.0], [5, 10, 0.65], [5, 11, 0.39], [5, 12, 0.62], [5, 13, 0.24], [5, 14, 0.52], [5, 15, -0.04], [5, 16, 0.13], [6, 0, 0.34], [6, 1, 0.34], [6, 2, 0.32], [6, 3, 0.79], [6, 4, 0.62], [6, 5, 0.62], [6, 6, 1.0], [6, 7, 0.72], [6, 8, 0.75], [6, 9, -0.07], [6, 10, 0.42], [6, 11, 0.16], [6, 12, 0.42], [6, 13, 0.08], [6, 14, 0.45], [6, 15, 0.03], [6, 16, 0.25], [7, 0, -0.02], [7, 1, -0.01], [7, 2, -0.05], [7, 3, 0.91], [7, 4, 0.79], [7, 5, 0.56], [7, 6, 0.72], [7, 7, 1.0], [7, 8, 0.5], [7, 9, -0.11], [7, 10, 0.47], [7, 11, -0.04], [7, 12, 0.02], [7, 13, -0.35], [7, 14, 0.26], [7, 15, -0.06], [7, 16, 0.49], [8, 0, 0.68], [8, 1, 0.68], [8, 2, 0.68], [8, 3, 0.71], [8, 4, 0.48], [8, 5, 0.86], [8, 6, 0.75], [8, 7, 0.5], [8, 8, 1.0], [8, 9, -0.23], [8, 10, 0.72], [8, 11, 0.61], [8, 12, 0.74], [8, 13, 0.45], [8, 14, 0.75], [8, 15, 0.09], [8, 16, 0.27], [9, 0, -0.45], [9, 1, -0.51], [9, 2, -0.5], [9, 3, -0.12], [9, 4, 0.25], [9, 5, -0.0], [9, 6, -0.07], [9, 7, -0.11], [9, 8, -0.23], [9, 9, 1.0], [9, 10, -0.35], [9, 11, -0.53], [9, 12, -0.2], [9, 13, -0.36], [9, 14, -0.38], [9, 15, -0.29], [9, 16, -0.33], [10, 0, 0.54], [10, 1, 0.5], [10, 2, 0.51], [10, 3, 0.67], [10, 4, 0.42], [10, 5, 0.65], [10, 6, 0.42], [10, 7, 0.47], [10, 8, 0.72], [10, 9, -0.35], [10, 10, 1.0], [10, 11, 0.64], [10, 12, 0.61], [10, 13, 0.43], [10, 14, 0.65], [10, 15, 0.13], [10, 16, 0.44], [11, 0, 0.76], [11, 1, 0.72], [11, 2, 0.76], [11, 3, 0.18], [11, 4, -0.05], [11, 5, 0.39], [11, 6, 0.16], [11, 7, -0.04], [11, 8, 0.61], [11, 9, -0.53], [11, 10, 0.64], [11, 11, 1.0], [11, 12, 0.75], [11, 13, 0.74], [11, 14, 0.76], [11, 15, 0.3], [11, 16, 0.09], [12, 0, 0.76], [12, 1, 0.7], [12, 2, 0.75], [12, 3, 0.29], [12, 4, 0.2], [12, 5, 0.62], [12, 6, 0.42], [12, 7, 0.02], [12, 8, 0.74], [12, 9, -0.2], [12, 10, 0.61], [12, 11, 0.75], [12, 12, 1.0], [12, 13, 0.73], [12, 14, 0.65], [12, 15, 0.15], [12, 16, -0.02], [13, 0, 0.71], [13, 1, 0.64], [13, 2, 0.73], [13, 3, -0.05], [13, 4, -0.29], [13, 5, 0.24], [13, 6, 0.08], [13, 7, -0.35], [13, 8, 0.45], [13, 9, -0.36], [13, 10, 0.43], [13, 11, 0.74], [13, 12, 0.73], [13, 13, 1.0], [13, 14, 0.52], [13, 15, 0.31], [13, 16, -0.08], [14, 0, 0.74], [14, 1, 0.73], [14, 2, 0.74], [14, 3, 0.38], [14, 4, 0.17], [14, 5, 0.52], [14, 6, 0.45], [14, 7, 0.26], [14, 8, 0.75], [14, 9, -0.38], [14, 10, 0.65], [14, 11, 0.76], [14, 12, 0.65], [14, 13, 0.52], [14, 14, 1.0], [14, 15, 0.26], [14, 16, 0.41], [15, 0, 0.19], [15, 1, 0.18], [15, 2, 0.2], [15, 3, -0.02], [15, 4, 0.06], [15, 5, -0.04], [15, 6, 0.03], [15, 7, -0.06], [15, 8, 0.09], [15, 9, -0.29], [15, 10, 0.13], [15, 11, 0.3], [15, 12, 0.15], [15, 13, 0.31], [15, 14, 0.26], [15, 15, 1.0], [15, 16, 0.51], [16, 0, 0.18], [16, 1, 0.25], [16, 2, 0.19], [16, 3, 0.41], [16, 4, 0.28], [16, 5, 0.13], [16, 6, 0.25], [16, 7, 0.49], [16, 8, 0.27], [16, 9, -0.33], [16, 10, 0.44], [16, 11, 0.09], [16, 12, -0.02], [16, 13, -0.08], [16, 14, 0.41], [16, 15, 0.51], [16, 16, 1.0]]