[[0, 0, 1.0], [0, 1, 0.93], [0, 2, 0.98], [0, 3, 0.63], [0, 4, -0.1], [0, 5, 0.71], [0, 6, 0.68], [0, 7, 0.26], [0, 8, 0.7], [0, 9, 0.31], [0, 10, 0.3], [0, 11, 0.5], [0, 12, 0.58], [0, 13, 0.4], [0, 14, 0.41], [0, 15, 0.32], [0, 16, 0.46], [1, 0, 0.93], [1, 1, 1.0], [1, 2, 0.98], [1, 3, 0.56], [1, 4, -0.13], [1, 5, 0.73], [1, 6, 0.7], [1, 7, 0.24], [1, 8, 0.73], [1, 9, 0.26], [1, 10, 0.31], [1, 11, 0.51], [1, 12, 0.62], [1, 13, 0.34], [1, 14, 0.43], [1, 15, 0.34], [1, 16, 0.49], [2, 0, 0.98], [2, 1, 0.98], [2, 2, 1.0], [2, 3, 0.61], [2, 4, -0.1], [2, 5, 0.73], [2, 6, 0.71], [2, 7, 0.26], [2, 8, 0.73], [2, 9, 0.3], [2, 10, 0.34], [2, 11, 0.52], [2, 12, 0.61], [2, 13, 0.36], [2, 14, 0.43], [2, 15, 0.34], [2, 16, 0.52], [3, 0, 0.63], [3, 1, 0.56], [3, 2, 0.61], [3, 3, 1.0], [3, 4, 0.13], [3, 5, 0.67], [3, 6, 0.7], [3, 7, 0.74], [3, 8, 0.74], [3, 9, 0.28], [3, 10, 0.56], [3, 11, 0.53], [3, 12, 0.71], [3, 13, 0.37], [3, 14, 0.28], [3, 15, 0.19], [3, 16, 0.38], [4, 0, -0.1], [4, 1, -0.13], [4, 2, -0.1], [4, 3, 0.13], [4, 4, 1.0], [4, 5, 0.09], [4, 6, -0.19], [4, 7, 0.54], [4, 8, 0.14], [4, 9, 0.48], [4, 10, 0.37], [4, 11, 0.34], [4, 12, 0.03], [4, 13, -0.4], [4, 14, 0.15], [4, 15, 0.04], [4, 16, -0.07], [5, 0, 0.71], [5, 1, 0.73], [5, 2, 0.73], [5, 3, 0.67], [5, 4, 0.09], [5, 5, 1.0], [5, 6, 0.74], [5, 7, 0.56], [5, 8, 0.84], [5, 9, 0.53], [5, 10, 0.41], [5, 11, 0.56], [5, 12, 0.61], [5, 13, 0.27], [5, 14, 0.4], [5, 15, 0.3], [5, 16, 0.57], [6, 0, 0.68], [6, 1, 0.7], [6, 2, 0.71], [6, 3, 0.7], [6, 4, -0.19], [6, 5, 0.74], [6, 6, 1.0], [6, 7, 0.51], [6, 8, 0.86], [6, 9, 0.26], [6, 10, 0.38], [6, 11, 0.48], [6, 12, 0.67], [6, 13, 0.36], [6, 14, 0.17], [6, 15, 0.01], [6, 16, 0.31], [7, 0, 0.26], [7, 1, 0.24], [7, 2, 0.26], [7, 3, 0.74], [7, 4, 0.54], [7, 5, 0.56], [7, 6, 0.51], [7, 7, 1.0], [7, 8, 0.69], [7, 9, 0.49], [7, 10, 0.62], [7, 11, 0.54], [7, 12, 0.54], [7, 13, 0.01], [7, 14, 0.26], [7, 15, -0.13], [7, 16, 0.16], [8, 0, 0.7], [8, 1, 0.73], [8, 2, 0.73], [8, 3, 0.74], [8, 4, 0.14], [8, 5, 0.84], [8, 6, 0.86], [8, 7, 0.69], [8, 8, 1.0], [8, 9, 0.42], [8, 10, 0.59], [8, 11, 0.72], [8, 12, 0.72], [8, 13, 0.15], [8, 14, 0.27], [8, 15, 0.1], [8, 16, 0.41], [9, 0, 0.31], [9, 1, 0.26], [9, 2, 0.3], [9, 3, 0.28], [9, 4, 0.48], [9, 5, 0.53], [9, 6, 0.26], [9, 7, 0.49], [9, 8, 0.42], [9, 9, 1.0], [9, 10, 0.46], [9, 11, 0.48], [9, 12, 0.25], [9, 13, -0.13], [9, 14, 0.49], [9, 15, -0.18], [9, 16, 0.3], [10, 0, 0.3], [10, 1, 0.31], [10, 2, 0.34], [10, 3, 0.56], [10, 4, 0.37], [10, 5, 0.41], [10, 6, 0.38], [10, 7, 0.62], [10, 8, 0.59], [10, 9, 0.46], [10, 10, 1.0], [10, 11, 0.82], [10, 12, 0.59], [10, 13, 0.14], [10, 14, 0.55], [10, 15, 0.05], [10, 16, 0.48], [11, 0, 0.5], [11, 1, 0.51], [11, 2, 0.52], [11, 3, 0.53], [11, 4, 0.34], [11, 5, 0.56], [11, 6, 0.48], [11, 7, 0.54], [11, 8, 0.72], [11, 9, 0.48], [11, 10, 0.82], [11, 11, 1.0], [11, 12, 0.58], [11, 13, 0.09], [11, 14, 0.55], [11, 15, 0.25], [11, 16, 0.45], [12, 0, 0.58], [12, 1, 0.62], [12, 2, 0.61], [12, 3, 0.71], [12, 4, 0.03], [12, 5, 0.61], [12, 6, 0.67], [12, 7, 0.54], [12, 8, 0.72], [12, 9, 0.25], [12, 10, 0.59], [12, 11, 0.58], [12, 12, 1.0], [12, 13, 0.39], [12, 14, 0.52], [12, 15, 0.18], [12, 16, 0.25], [13, 0, 0.4], [13, 1, 0.34], [13, 2, 0.36], [13, 3, 0.37], [13, 4, -0.4], [13, 5, 0.27], [13, 6, 0.36], [13, 7, 0.01], [13, 8, 0.15], [13, 9, -0.13], [13, 10, 0.14], [13, 11, 0.09], [13, 12, 0.39], [13, 13, 1.0], [13, 14, 0.44], [13, 15, 0.16], [13, 16, 0.21], [14, 0, 0.41], [14, 1, 0.43], [14, 2, 0.43], [14, 3, 0.28], [14, 4, 0.15], [14, 5, 0.4], [14, 6, 0.17], [14, 7, 0.26], [14, 8, 0.27], [14, 9, 0.49], [14, 10, 0.55], [14, 11, 0.55], [14, 12, 0.52], [14, 13, 0.44], [14, 14, 1.0], [14, 15, 0.21], [14, 16, 0.46], [15, 0, 0.32], [15, 1, 0.34], [15, 2, 0.34], [15, 3, 0.19], [15, 4, 0.04], [15, 5, 0.3], [15, 6, 0.01], [15, 7, -0.13], [15, 8, 0.1], [15, 9, -0.18], [15, 10, 0.05], [15, 11, 0.25], [15, 12, 0.18], [15, 13, 0.16], [15, 14, 0.21], [15, 15, 1.0], [15, 16, 0.56], [16, 0, 0.46], [16, 1, 0.49], [16, 2, 0.52], [16, 3, 0.38], [16, 4, -0.07], [16, 5, 0.57], [16, 6, 0.31], [16, 7, 0.16], [16, 8, 0.41], [16, 9, 0.3], [16, 10, 0.48], [16, 11, 0.45], [16, 12, 0.25], [16, 13, 0.21], [16, 14, 0.46], [16, 15, 0.56], [16, 16, 1.0]]