[[0, 0, 1.0], [0, 1, 0.92], [0, 2, 0.97], [0, 3, 0.7], [0, 4, NaN], [0, 5, 0.67], [0, 6, 0.53], [0, 7, 0.68], [0, 8, 0.75], [0, 9, 0.66], [0, 10, 0.31], [0, 11, 0.56], [0, 12, 0.78], [0, 13, -0.71], [0, 14, 0.02], [0, 15, -0.42], [0, 16, -0.23], [1, 0, 0.92], [1, 1, 1.0], [1, 2, 0.98], [1, 3, 0.72], [1, 4, NaN], [1, 5, 0.7], [1, 6, 0.6], [1, 7, 0.58], [1, 8, 0.8], [1, 9, 0.63], [1, 10, 0.33], [1, 11, 0.56], [1, 12, 0.7], [1, 13, -0.68], [1, 14, 0.02], [1, 15, -0.33], [1, 16, -0.11], [2, 0, 0.97], [2, 1, 0.98], [2, 2, 1.0], [2, 3, 0.74], [2, 4, NaN], [2, 5, 0.7], [2, 6, 0.56], [2, 7, 0.62], [2, 8, 0.81], [2, 9, 0.67], [2, 10, 0.33], [2, 11, 0.56], [2, 12, 0.73], [2, 13, -0.65], [2, 14, -0.0], [2, 15, -0.39], [2, 16, -0.19], [3, 0, 0.7], [3, 1, 0.72], [3, 2, 0.74], [3, 3, 1.0], [3, 4, NaN], [3, 5, 0.94], [3, 6, 0.72], [3, 7, 0.76], [3, 8, 0.84], [3, 9, 0.44], [3, 10, -0.04], [3, 11, 0.17], [3, 12, 0.49], [3, 13, -0.68], [3, 14, -0.18], [3, 15, -0.45], [3, 16, -0.28], [4, 0, NaN], [4, 1, NaN], [4, 2, NaN], [4, 3, NaN], [4, 4, NaN], [4, 5, NaN], [4, 6, NaN], [4, 7, NaN], [4, 8, NaN], [4, 9, NaN], [4, 10, NaN], [4, 11, NaN], [4, 12, NaN], [4, 13, NaN], [4, 14, NaN], [4, 15, NaN], [4, 16, NaN], [5, 0, 0.67], [5, 1, 0.7], [5, 2, 0.7], [5, 3, 0.94], [5, 4, NaN], [5, 5, 1.0], [5, 6, 0.75], [5, 7, 0.73], [5, 8, 0.85], [5, 9, 0.39], [5, 10, -0.06], [5, 11, 0.17], [5, 12, 0.52], [5, 13, -0.75], [5, 14, -0.12], [5, 15, -0.53], [5, 16, -0.25], [6, 0, 0.53], [6, 1, 0.6], [6, 2, 0.56], [6, 3, 0.72], [6, 4, NaN], [6, 5, 0.75], [6, 6, 1.0], [6, 7, 0.68], [6, 8, 0.8], [6, 9, 0.28], [6, 10, 0.11], [6, 11, 0.22], [6, 12, 0.42], [6, 13, -0.61], [6, 14, -0.36], [6, 15, -0.74], [6, 16, -0.51], [7, 0, 0.68], [7, 1, 0.58], [7, 2, 0.62], [7, 3, 0.76], [7, 4, NaN], [7, 5, 0.73], [7, 6, 0.68], [7, 7, 1.0], [7, 8, 0.66], [7, 9, 0.47], [7, 10, 0.1], [7, 11, 0.14], [7, 12, 0.45], [7, 13, -0.69], [7, 14, -0.15], [7, 15, -0.63], [7, 16, -0.35], [8, 0, 0.75], [8, 1, 0.8], [8, 2, 0.81], [8, 3, 0.84], [8, 4, NaN], [8, 5, 0.85], [8, 6, 0.8], [8, 7, 0.66], [8, 8, 1.0], [8, 9, 0.61], [8, 10, 0.23], [8, 11, 0.4], [8, 12, 0.61], [8, 13, -0.63], [8, 14, -0.26], [8, 15, -0.6], [8, 16, -0.44], [9, 0, 0.66], [9, 1, 0.63], [9, 2, 0.67], [9, 3, 0.44], [9, 4, NaN], [9, 5, 0.39], [9, 6, 0.28], [9, 7, 0.47], [9, 8, 0.61], [9, 9, 1.0], [9, 10, 0.38], [9, 11, 0.53], [9, 12, 0.66], [9, 13, -0.5], [9, 14, -0.19], [9, 15, -0.22], [9, 16, -0.43], [10, 0, 0.31], [10, 1, 0.33], [10, 2, 0.33], [10, 3, -0.04], [10, 4, NaN], [10, 5, -0.06], [10, 6, 0.11], [10, 7, 0.1], [10, 8, 0.23], [10, 9, 0.38], [10, 10, 1.0], [10, 11, 0.89], [10, 12, 0.57], [10, 13, -0.13], [10, 14, 0.06], [10, 15, -0.21], [10, 16, -0.17], [11, 0, 0.56], [11, 1, 0.56], [11, 2, 0.56], [11, 3, 0.17], [11, 4, NaN], [11, 5, 0.17], [11, 6, 0.22], [11, 7, 0.14], [11, 8, 0.4], [11, 9, 0.53], [11, 10, 0.89], [11, 11, 1.0], [11, 12, 0.8], [11, 13, -0.37], [11, 14, 0.1], [11, 15, -0.26], [11, 16, -0.21], [12, 0, 0.78], [12, 1, 0.7], [12, 2, 0.73], [12, 3, 0.49], [12, 4, NaN], [12, 5, 0.52], [12, 6, 0.42], [12, 7, 0.45], [12, 8, 0.61], [12, 9, 0.66], [12, 10, 0.57], [12, 11, 0.8], [12, 12, 1.0], [12, 13, -0.66], [12, 14, -0.06], [12, 15, -0.46], [12, 16, -0.39], [13, 0, -0.71], [13, 1, -0.68], [13, 2, -0.65], [13, 3, -0.68], [13, 4, NaN], [13, 5, -0.75], [13, 6, -0.61], [13, 7, -0.69], [13, 8, -0.63], [13, 9, -0.5], [13, 10, -0.13], [13, 11, -0.37], [13, 12, -0.66], [13, 13, 1.0], [13, 14, 0.1], [13, 15, 0.45], [13, 16, 0.19], [14, 0, 0.02], [14, 1, 0.02], [14, 2, -0.0], [14, 3, -0.18], [14, 4, NaN], [14, 5, -0.12], [14, 6, -0.36], [14, 7, -0.15], [14, 8, -0.26], [14, 9, -0.19], [14, 10, 0.06], [14, 11, 0.1], [14, 12, -0.06], [14, 13, 0.1], [14, 14, 1.0], [14, 15, 0.42], [14, 16, 0.68], [15, 0, -0.42], [15, 1, -0.33], [15, 2, -0.39], [15, 3, -0.45], [15, 4, NaN], [15, 5, -0.53], [15, 6, -0.74], [15, 7, -0.63], [15, 8, -0.6], [15, 9, -0.22], [15, 10, -0.21], [15, 11, -0.26], [15, 12, -0.46], [15, 13, 0.45], [15, 14, 0.42], [15, 15, 1.0], [15, 16, 0.68], [16, 0, -0.23], [16, 1, -0.11], [16, 2, -0.19], [16, 3, -0.28], [16, 4, NaN], [16, 5, -0.25], [16, 6, -0.51], [16, 7, -0.35], [16, 8, -0.44], [16, 9, -0.43], [16, 10, -0.17], [16, 11, -0.21], [16, 12, -0.39], [16, 13, 0.19], [16, 14, 0.68], [16, 15, 0.68], [16, 16, 1.0]]