[[0, 0, 1.0], [0, 1, 0.73], [0, 2, 0.9], [0, 3, 0.21], [0, 4, 0.29], [0, 5, 0.18], [0, 6, 0.54], [0, 7, -0.11], [0, 8, 0.59], [0, 9, -0.46], [0, 10, 0.24], [0, 11, 0.57], [0, 12, 0.62], [0, 13, 0.66], [0, 14, 0.18], [0, 15, -0.27], [0, 16, -0.07], [1, 0, 0.73], [1, 1, 1.0], [1, 2, 0.92], [1, 3, 0.17], [1, 4, 0.01], [1, 5, 0.16], [1, 6, 0.54], [1, 7, -0.25], [1, 8, 0.53], [1, 9, -0.59], [1, 10, 0.29], [1, 11, 0.53], [1, 12, 0.66], [1, 13, 0.49], [1, 14, 0.15], [1, 15, -0.16], [1, 16, -0.16], [2, 0, 0.9], [2, 1, 0.92], [2, 2, 1.0], [2, 3, 0.15], [2, 4, 0.1], [2, 5, 0.07], [2, 6, 0.51], [2, 7, -0.22], [2, 8, 0.55], [2, 9, -0.55], [2, 10, 0.18], [2, 11, 0.53], [2, 12, 0.63], [2, 13, 0.53], [2, 14, 0.12], [2, 15, -0.23], [2, 16, -0.12], [3, 0, 0.21], [3, 1, 0.17], [3, 2, 0.15], [3, 3, 1.0], [3, 4, 0.22], [3, 5, 0.76], [3, 6, 0.4], [3, 7, 0.54], [3, 8, 0.46], [3, 9, 0.01], [3, 10, 0.46], [3, 11, 0.61], [3, 12, 0.54], [3, 13, 0.36], [3, 14, -0.12], [3, 15, -0.3], [3, 16, -0.19], [4, 0, 0.29], [4, 1, 0.01], [4, 2, 0.1], [4, 3, 0.22], [4, 4, 1.0], [4, 5, 0.38], [4, 6, 0.27], [4, 7, 0.32], [4, 8, 0.43], [4, 9, 0.28], [4, 10, -0.01], [4, 11, 0.19], [4, 12, 0.06], [4, 13, 0.25], [4, 14, -0.16], [4, 15, -0.22], [4, 16, -0.12], [5, 0, 0.18], [5, 1, 0.16], [5, 2, 0.07], [5, 3, 0.76], [5, 4, 0.38], [5, 5, 1.0], [5, 6, 0.49], [5, 7, 0.49], [5, 8, 0.71], [5, 9, -0.01], [5, 10, 0.53], [5, 11, 0.46], [5, 12, 0.44], [5, 13, 0.38], [5, 14, 0.07], [5, 15, -0.32], [5, 16, -0.15], [6, 0, 0.54], [6, 1, 0.54], [6, 2, 0.51], [6, 3, 0.4], [6, 4, 0.27], [6, 5, 0.49], [6, 6, 1.0], [6, 7, 0.28], [6, 8, 0.7], [6, 9, -0.25], [6, 10, 0.34], [6, 11, 0.56], [6, 12, 0.74], [6, 13, 0.59], [6, 14, 0.42], [6, 15, -0.03], [6, 16, 0.16], [7, 0, -0.11], [7, 1, -0.25], [7, 2, -0.22], [7, 3, 0.54], [7, 4, 0.32], [7, 5, 0.49], [7, 6, 0.28], [7, 7, 1.0], [7, 8, 0.18], [7, 9, 0.44], [7, 10, 0.18], [7, 11, 0.17], [7, 12, 0.04], [7, 13, -0.13], [7, 14, -0.23], [7, 15, 0.16], [7, 16, 0.22], [8, 0, 0.59], [8, 1, 0.53], [8, 2, 0.55], [8, 3, 0.46], [8, 4, 0.43], [8, 5, 0.71], [8, 6, 0.7], [8, 7, 0.18], [8, 8, 1.0], [8, 9, -0.27], [8, 10, 0.48], [8, 11, 0.66], [8, 12, 0.64], [8, 13, 0.71], [8, 14, 0.23], [8, 15, -0.35], [8, 16, -0.11], [9, 0, -0.46], [9, 1, -0.59], [9, 2, -0.55], [9, 3, 0.01], [9, 4, 0.28], [9, 5, -0.01], [9, 6, -0.25], [9, 7, 0.44], [9, 8, -0.27], [9, 9, 1.0], [9, 10, -0.07], [9, 11, -0.1], [9, 12, -0.45], [9, 13, -0.41], [9, 14, -0.43], [9, 15, 0.26], [9, 16, -0.06], [10, 0, 0.24], [10, 1, 0.29], [10, 2, 0.18], [10, 3, 0.46], [10, 4, -0.01], [10, 5, 0.53], [10, 6, 0.34], [10, 7, 0.18], [10, 8, 0.48], [10, 9, -0.07], [10, 10, 1.0], [10, 11, 0.79], [10, 12, 0.52], [10, 13, 0.46], [10, 14, 0.16], [10, 15, 0.07], [10, 16, -0.06], [11, 0, 0.57], [11, 1, 0.53], [11, 2, 0.53], [11, 3, 0.61], [11, 4, 0.19], [11, 5, 0.46], [11, 6, 0.56], [11, 7, 0.17], [11, 8, 0.66], [11, 9, -0.1], [11, 10, 0.79], [11, 11, 1.0], [11, 12, 0.79], [11, 13, 0.71], [11, 14, 0.06], [11, 15, -0.18], [11, 16, -0.2], [12, 0, 0.62], [12, 1, 0.66], [12, 2, 0.63], [12, 3, 0.54], [12, 4, 0.06], [12, 5, 0.44], [12, 6, 0.74], [12, 7, 0.04], [12, 8, 0.64], [12, 9, -0.45], [12, 10, 0.52], [12, 11, 0.79], [12, 12, 1.0], [12, 13, 0.76], [12, 14, 0.24], [12, 15, -0.4], [12, 16, -0.18], [13, 0, 0.66], [13, 1, 0.49], [13, 2, 0.53], [13, 3, 0.36], [13, 4, 0.25], [13, 5, 0.38], [13, 6, 0.59], [13, 7, -0.13], [13, 8, 0.71], [13, 9, -0.41], [13, 10, 0.46], [13, 11, 0.71], [13, 12, 0.76], [13, 13, 1.0], [13, 14, 0.23], [13, 15, -0.48], [13, 16, -0.26], [14, 0, 0.18], [14, 1, 0.15], [14, 2, 0.12], [14, 3, -0.12], [14, 4, -0.16], [14, 5, 0.07], [14, 6, 0.42], [14, 7, -0.23], [14, 8, 0.23], [14, 9, -0.43], [14, 10, 0.16], [14, 11, 0.06], [14, 12, 0.24], [14, 13, 0.23], [14, 14, 1.0], [14, 15, 0.37], [14, 16, 0.69], [15, 0, -0.27], [15, 1, -0.16], [15, 2, -0.23], [15, 3, -0.3], [15, 4, -0.22], [15, 5, -0.32], [15, 6, -0.03], [15, 7, 0.16], [15, 8, -0.35], [15, 9, 0.26], [15, 10, 0.07], [15, 11, -0.18], [15, 12, -0.4], [15, 13, -0.48], [15, 14, 0.37], [15, 15, 1.0], [15, 16, 0.76], [16, 0, -0.07], [16, 1, -0.16], [16, 2, -0.12], [16, 3, -0.19], [16, 4, -0.12], [16, 5, -0.15], [16, 6, 0.16], [16, 7, 0.22], [16, 8, -0.11], [16, 9, -0.06], [16, 10, -0.06], [16, 11, -0.2], [16, 12, -0.18], [16, 13, -0.26], [16, 14, 0.69], [16, 15, 0.76], [16, 16, 1.0]]