[[0, 0, 1.0], [0, 1, 0.91], [0, 2, 0.97], [0, 3, 0.49], [0, 4, -0.17], [0, 5, 0.64], [0, 6, 0.45], [0, 7, 0.11], [0, 8, 0.53], [0, 9, -0.33], [0, 10, 0.13], [0, 11, 0.32], [0, 12, 0.42], [0, 13, 0.28], [0, 14, 0.4], [0, 15, 0.33], [0, 16, 0.25], [1, 0, 0.91], [1, 1, 1.0], [1, 2, 0.97], [1, 3, 0.39], [1, 4, -0.29], [1, 5, 0.65], [1, 6, 0.49], [1, 7, 0.07], [1, 8, 0.52], [1, 9, -0.46], [1, 10, 0.02], [1, 11, 0.22], [1, 12, 0.47], [1, 13, 0.2], [1, 14, 0.45], [1, 15, 0.26], [1, 16, 0.12], [2, 0, 0.97], [2, 1, 0.97], [2, 2, 1.0], [2, 3, 0.44], [2, 4, -0.2], [2, 5, 0.67], [2, 6, 0.46], [2, 7, 0.1], [2, 8, 0.53], [2, 9, -0.39], [2, 10, 0.07], [2, 11, 0.26], [2, 12, 0.45], [2, 13, 0.23], [2, 14, 0.44], [2, 15, 0.33], [2, 16, 0.2], [3, 0, 0.49], [3, 1, 0.39], [3, 2, 0.44], [3, 3, 1.0], [3, 4, -0.11], [3, 5, 0.78], [3, 6, 0.61], [3, 7, 0.79], [3, 8, 0.8], [3, 9, -0.25], [3, 10, 0.64], [3, 11, 0.64], [3, 12, 0.7], [3, 13, 0.2], [3, 14, 0.25], [3, 15, 0.02], [3, 16, 0.16], [4, 0, -0.17], [4, 1, -0.29], [4, 2, -0.2], [4, 3, -0.11], [4, 4, 1.0], [4, 5, -0.14], [4, 6, -0.39], [4, 7, 0.28], [4, 8, -0.25], [4, 9, 0.78], [4, 10, 0.21], [4, 11, -0.06], [4, 12, -0.11], [4, 13, -0.15], [4, 14, 0.19], [4, 15, 0.26], [4, 16, 0.11], [5, 0, 0.64], [5, 1, 0.65], [5, 2, 0.67], [5, 3, 0.78], [5, 4, -0.14], [5, 5, 1.0], [5, 6, 0.64], [5, 7, 0.54], [5, 8, 0.77], [5, 9, -0.25], [5, 10, 0.34], [5, 11, 0.51], [5, 12, 0.57], [5, 13, 0.21], [5, 14, 0.34], [5, 15, 0.31], [5, 16, 0.38], [6, 0, 0.45], [6, 1, 0.49], [6, 2, 0.46], [6, 3, 0.61], [6, 4, -0.39], [6, 5, 0.64], [6, 6, 1.0], [6, 7, 0.45], [6, 8, 0.89], [6, 9, -0.42], [6, 10, 0.22], [6, 11, 0.54], [6, 12, 0.61], [6, 13, 0.5], [6, 14, 0.17], [6, 15, 0.01], [6, 16, 0.18], [7, 0, 0.11], [7, 1, 0.07], [7, 2, 0.1], [7, 3, 0.79], [7, 4, 0.28], [7, 5, 0.54], [7, 6, 0.45], [7, 7, 1.0], [7, 8, 0.69], [7, 9, 0.03], [7, 10, 0.65], [7, 11, 0.54], [7, 12, 0.55], [7, 13, -0.01], [7, 14, 0.18], [7, 15, -0.2], [7, 16, -0.09], [8, 0, 0.53], [8, 1, 0.52], [8, 2, 0.53], [8, 3, 0.8], [8, 4, -0.25], [8, 5, 0.77], [8, 6, 0.89], [8, 7, 0.69], [8, 8, 1.0], [8, 9, -0.36], [8, 10, 0.51], [8, 11, 0.7], [8, 12, 0.77], [8, 13, 0.32], [8, 14, 0.27], [8, 15, -0.03], [8, 16, 0.17], [9, 0, -0.33], [9, 1, -0.46], [9, 2, -0.39], [9, 3, -0.25], [9, 4, 0.78], [9, 5, -0.25], [9, 6, -0.42], [9, 7, 0.03], [9, 8, -0.36], [9, 9, 1.0], [9, 10, 0.19], [9, 11, -0.09], [9, 12, -0.23], [9, 13, 0.01], [9, 14, 0.18], [9, 15, 0.07], [9, 16, 0.23], [10, 0, 0.13], [10, 1, 0.02], [10, 2, 0.07], [10, 3, 0.64], [10, 4, 0.21], [10, 5, 0.34], [10, 6, 0.22], [10, 7, 0.65], [10, 8, 0.51], [10, 9, 0.19], [10, 10, 1.0], [10, 11, 0.73], [10, 12, 0.68], [10, 13, 0.14], [10, 14, 0.44], [10, 15, -0.1], [10, 16, 0.18], [11, 0, 0.32], [11, 1, 0.22], [11, 2, 0.26], [11, 3, 0.64], [11, 4, -0.06], [11, 5, 0.51], [11, 6, 0.54], [11, 7, 0.54], [11, 8, 0.7], [11, 9, -0.09], [11, 10, 0.73], [11, 11, 1.0], [11, 12, 0.65], [11, 13, 0.32], [11, 14, 0.52], [11, 15, 0.12], [11, 16, 0.26], [12, 0, 0.42], [12, 1, 0.47], [12, 2, 0.45], [12, 3, 0.7], [12, 4, -0.11], [12, 5, 0.57], [12, 6, 0.61], [12, 7, 0.55], [12, 8, 0.77], [12, 9, -0.23], [12, 10, 0.68], [12, 11, 0.65], [12, 12, 1.0], [12, 13, 0.36], [12, 14, 0.51], [12, 15, 0.05], [12, 16, 0.1], [13, 0, 0.28], [13, 1, 0.2], [13, 2, 0.23], [13, 3, 0.2], [13, 4, -0.15], [13, 5, 0.21], [13, 6, 0.5], [13, 7, -0.01], [13, 8, 0.32], [13, 9, 0.01], [13, 10, 0.14], [13, 11, 0.32], [13, 12, 0.36], [13, 13, 1.0], [13, 14, 0.44], [13, 15, 0.26], [13, 16, 0.42], [14, 0, 0.4], [14, 1, 0.45], [14, 2, 0.44], [14, 3, 0.25], [14, 4, 0.19], [14, 5, 0.34], [14, 6, 0.17], [14, 7, 0.18], [14, 8, 0.27], [14, 9, 0.18], [14, 10, 0.44], [14, 11, 0.52], [14, 12, 0.51], [14, 13, 0.44], [14, 14, 1.0], [14, 15, 0.27], [14, 16, 0.23], [15, 0, 0.33], [15, 1, 0.26], [15, 2, 0.33], [15, 3, 0.02], [15, 4, 0.26], [15, 5, 0.31], [15, 6, 0.01], [15, 7, -0.2], [15, 8, -0.03], [15, 9, 0.07], [15, 10, -0.1], [15, 11, 0.12], [15, 12, 0.05], [15, 13, 0.26], [15, 14, 0.27], [15, 15, 1.0], [15, 16, 0.73], [16, 0, 0.25], [16, 1, 0.12], [16, 2, 0.2], [16, 3, 0.16], [16, 4, 0.11], [16, 5, 0.38], [16, 6, 0.18], [16, 7, -0.09], [16, 8, 0.17], [16, 9, 0.23], [16, 10, 0.18], [16, 11, 0.26], [16, 12, 0.1], [16, 13, 0.42], [16, 14, 0.23], [16, 15, 0.73], [16, 16, 1.0]]