[[0, 0, 1.0], [0, 1, 0.93], [0, 2, 0.98], [0, 3, 0.33], [0, 4, -0.09], [0, 5, 0.39], [0, 6, 0.64], [0, 7, -0.01], [0, 8, 0.54], [0, 9, 0.36], [0, 10, 0.15], [0, 11, 0.32], [0, 12, 0.59], [0, 13, 0.15], [0, 14, 0.32], [0, 15, 0.1], [0, 16, 0.28], [1, 0, 0.93], [1, 1, 1.0], [1, 2, 0.98], [1, 3, 0.25], [1, 4, -0.15], [1, 5, 0.39], [1, 6, 0.64], [1, 7, -0.06], [1, 8, 0.56], [1, 9, 0.28], [1, 10, 0.14], [1, 11, 0.32], [1, 12, 0.62], [1, 13, 0.11], [1, 14, 0.34], [1, 15, 0.12], [1, 16, 0.3], [2, 0, 0.98], [2, 1, 0.98], [2, 2, 1.0], [2, 3, 0.3], [2, 4, -0.13], [2, 5, 0.39], [2, 6, 0.65], [2, 7, -0.04], [2, 8, 0.56], [2, 9, 0.33], [2, 10, 0.17], [2, 11, 0.33], [2, 12, 0.61], [2, 13, 0.13], [2, 14, 0.34], [2, 15, 0.11], [2, 16, 0.32], [3, 0, 0.33], [3, 1, 0.25], [3, 2, 0.3], [3, 3, 1.0], [3, 4, 0.45], [3, 5, 0.73], [3, 6, 0.63], [3, 7, 0.83], [3, 8, 0.75], [3, 9, 0.45], [3, 10, 0.64], [3, 11, 0.59], [3, 12, 0.53], [3, 13, 0.22], [3, 14, 0.28], [3, 15, 0.26], [3, 16, 0.42], [4, 0, -0.09], [4, 1, -0.15], [4, 2, -0.13], [4, 3, 0.45], [4, 4, 1.0], [4, 5, 0.43], [4, 6, -0.08], [4, 7, 0.69], [4, 8, 0.34], [4, 9, 0.5], [4, 10, 0.53], [4, 11, 0.53], [4, 12, 0.0], [4, 13, -0.21], [4, 14, 0.26], [4, 15, 0.3], [4, 16, 0.17], [5, 0, 0.39], [5, 1, 0.39], [5, 2, 0.39], [5, 3, 0.73], [5, 4, 0.43], [5, 5, 1.0], [5, 6, 0.67], [5, 7, 0.74], [5, 8, 0.84], [5, 9, 0.69], [5, 10, 0.51], [5, 11, 0.61], [5, 12, 0.43], [5, 13, 0.08], [5, 14, 0.39], [5, 15, 0.36], [5, 16, 0.59], [6, 0, 0.64], [6, 1, 0.64], [6, 2, 0.65], [6, 3, 0.63], [6, 4, -0.08], [6, 5, 0.67], [6, 6, 1.0], [6, 7, 0.41], [6, 8, 0.84], [6, 9, 0.32], [6, 10, 0.37], [6, 11, 0.46], [6, 12, 0.64], [6, 13, 0.33], [6, 14, 0.15], [6, 15, -0.01], [6, 16, 0.29], [7, 0, -0.01], [7, 1, -0.06], [7, 2, -0.04], [7, 3, 0.83], [7, 4, 0.69], [7, 5, 0.74], [7, 6, 0.41], [7, 7, 1.0], [7, 8, 0.68], [7, 9, 0.51], [7, 10, 0.67], [7, 11, 0.61], [7, 12, 0.24], [7, 13, 0.07], [7, 14, 0.29], [7, 15, 0.2], [7, 16, 0.35], [8, 0, 0.54], [8, 1, 0.56], [8, 2, 0.56], [8, 3, 0.75], [8, 4, 0.34], [8, 5, 0.84], [8, 6, 0.84], [8, 7, 0.68], [8, 8, 1.0], [8, 9, 0.54], [8, 10, 0.63], [8, 11, 0.74], [8, 12, 0.63], [8, 13, 0.03], [8, 14, 0.27], [8, 15, 0.14], [8, 16, 0.43], [9, 0, 0.36], [9, 1, 0.28], [9, 2, 0.33], [9, 3, 0.45], [9, 4, 0.5], [9, 5, 0.69], [9, 6, 0.32], [9, 7, 0.51], [9, 8, 0.54], [9, 9, 1.0], [9, 10, 0.55], [9, 11, 0.59], [9, 12, 0.25], [9, 13, 0.03], [9, 14, 0.56], [9, 15, -0.01], [9, 16, 0.44], [10, 0, 0.15], [10, 1, 0.14], [10, 2, 0.17], [10, 3, 0.64], [10, 4, 0.53], [10, 5, 0.51], [10, 6, 0.37], [10, 7, 0.67], [10, 8, 0.63], [10, 9, 0.55], [10, 10, 1.0], [10, 11, 0.85], [10, 12, 0.48], [10, 13, 0.11], [10, 14, 0.55], [10, 15, 0.15], [10, 16, 0.54], [11, 0, 0.32], [11, 1, 0.32], [11, 2, 0.33], [11, 3, 0.59], [11, 4, 0.53], [11, 5, 0.61], [11, 6, 0.46], [11, 7, 0.61], [11, 8, 0.74], [11, 9, 0.59], [11, 10, 0.85], [11, 11, 1.0], [11, 12, 0.48], [11, 13, -0.02], [11, 14, 0.54], [11, 15, 0.3], [11, 16, 0.48], [12, 0, 0.59], [12, 1, 0.62], [12, 2, 0.61], [12, 3, 0.53], [12, 4, 0.0], [12, 5, 0.43], [12, 6, 0.64], [12, 7, 0.24], [12, 8, 0.63], [12, 9, 0.25], [12, 10, 0.48], [12, 11, 0.48], [12, 12, 1.0], [12, 13, 0.36], [12, 14, 0.47], [12, 15, 0.08], [12, 16, 0.16], [13, 0, 0.15], [13, 1, 0.11], [13, 2, 0.13], [13, 3, 0.22], [13, 4, -0.21], [13, 5, 0.08], [13, 6, 0.33], [13, 7, 0.07], [13, 8, 0.03], [13, 9, 0.03], [13, 10, 0.11], [13, 11, -0.02], [13, 12, 0.36], [13, 13, 1.0], [13, 14, 0.43], [13, 15, -0.03], [13, 16, 0.07], [14, 0, 0.32], [14, 1, 0.34], [14, 2, 0.34], [14, 3, 0.28], [14, 4, 0.26], [14, 5, 0.39], [14, 6, 0.15], [14, 7, 0.29], [14, 8, 0.27], [14, 9, 0.56], [14, 10, 0.55], [14, 11, 0.54], [14, 12, 0.47], [14, 13, 0.43], [14, 14, 1.0], [14, 15, 0.2], [14, 16, 0.46], [15, 0, 0.1], [15, 1, 0.12], [15, 2, 0.11], [15, 3, 0.26], [15, 4, 0.3], [15, 5, 0.36], [15, 6, -0.01], [15, 7, 0.2], [15, 8, 0.14], [15, 9, -0.01], [15, 10, 0.15], [15, 11, 0.3], [15, 12, 0.08], [15, 13, -0.03], [15, 14, 0.2], [15, 15, 1.0], [15, 16, 0.57], [16, 0, 0.28], [16, 1, 0.3], [16, 2, 0.32], [16, 3, 0.42], [16, 4, 0.17], [16, 5, 0.59], [16, 6, 0.29], [16, 7, 0.35], [16, 8, 0.43], [16, 9, 0.44], [16, 10, 0.54], [16, 11, 0.48], [16, 12, 0.16], [16, 13, 0.07], [16, 14, 0.46], [16, 15, 0.57], [16, 16, 1.0]]