[[0, 0, 1.0], [0, 1, 0.96], [0, 2, 0.98], [0, 3, 0.15], [0, 4, -0.09], [0, 5, 0.42], [0, 6, 0.29], [0, 7, -0.06], [0, 8, 0.68], [0, 9, -0.38], [0, 10, 0.45], [0, 11, 0.78], [0, 12, 0.77], [0, 13, 0.67], [0, 14, 0.79], [0, 15, 0.19], [0, 16, 0.19], [1, 0, 0.96], [1, 1, 1.0], [1, 2, 0.99], [1, 3, 0.11], [1, 4, -0.21], [1, 5, 0.36], [1, 6, 0.26], [1, 7, -0.09], [1, 8, 0.66], [1, 9, -0.43], [1, 10, 0.37], [1, 11, 0.73], [1, 12, 0.71], [1, 13, 0.62], [1, 14, 0.78], [1, 15, 0.17], [1, 16, 0.23], [2, 0, 0.98], [2, 1, 0.99], [2, 2, 1.0], [2, 3, 0.11], [2, 4, -0.19], [2, 5, 0.38], [2, 6, 0.26], [2, 7, -0.11], [2, 8, 0.67], [2, 9, -0.41], [2, 10, 0.39], [2, 11, 0.77], [2, 12, 0.76], [2, 13, 0.7], [2, 14, 0.79], [2, 15, 0.2], [2, 16, 0.19], [3, 0, 0.15], [3, 1, 0.11], [3, 2, 0.11], [3, 3, 1.0], [3, 4, 0.81], [3, 5, 0.76], [3, 6, 0.83], [3, 7, 0.91], [3, 8, 0.7], [3, 9, -0.12], [3, 10, 0.71], [3, 11, 0.16], [3, 12, 0.33], [3, 13, 0.03], [3, 14, 0.35], [3, 15, -0.04], [3, 16, 0.41], [4, 0, -0.09], [4, 1, -0.21], [4, 2, -0.19], [4, 3, 0.81], [4, 4, 1.0], [4, 5, 0.7], [4, 6, 0.65], [4, 7, 0.82], [4, 8, 0.48], [4, 9, 0.17], [4, 10, 0.61], [4, 11, -0.04], [4, 12, 0.16], [4, 13, -0.16], [4, 14, 0.19], [4, 15, -0.11], [4, 16, 0.28], [5, 0, 0.42], [5, 1, 0.36], [5, 2, 0.38], [5, 3, 0.76], [5, 4, 0.7], [5, 5, 1.0], [5, 6, 0.66], [5, 7, 0.58], [5, 8, 0.86], [5, 9, 0.03], [5, 10, 0.66], [5, 11, 0.36], [5, 12, 0.66], [5, 13, 0.28], [5, 14, 0.49], [5, 15, -0.12], [5, 16, 0.11], [6, 0, 0.29], [6, 1, 0.26], [6, 2, 0.26], [6, 3, 0.83], [6, 4, 0.65], [6, 5, 0.66], [6, 6, 1.0], [6, 7, 0.74], [6, 8, 0.74], [6, 9, -0.07], [6, 10, 0.49], [6, 11, 0.15], [6, 12, 0.41], [6, 13, 0.13], [6, 14, 0.48], [6, 15, 0.06], [6, 16, 0.29], [7, 0, -0.06], [7, 1, -0.09], [7, 2, -0.11], [7, 3, 0.91], [7, 4, 0.82], [7, 5, 0.58], [7, 6, 0.74], [7, 7, 1.0], [7, 8, 0.48], [7, 9, -0.11], [7, 10, 0.55], [7, 11, -0.06], [7, 12, 0.04], [7, 13, -0.26], [7, 14, 0.22], [7, 15, -0.09], [7, 16, 0.49], [8, 0, 0.68], [8, 1, 0.66], [8, 2, 0.67], [8, 3, 0.7], [8, 4, 0.48], [8, 5, 0.86], [8, 6, 0.74], [8, 7, 0.48], [8, 8, 1.0], [8, 9, -0.21], [8, 10, 0.67], [8, 11, 0.61], [8, 12, 0.76], [8, 13, 0.46], [8, 14, 0.78], [8, 15, 0.08], [8, 16, 0.31], [9, 0, -0.38], [9, 1, -0.43], [9, 2, -0.41], [9, 3, -0.12], [9, 4, 0.17], [9, 5, 0.03], [9, 6, -0.07], [9, 7, -0.11], [9, 8, -0.21], [9, 9, 1.0], [9, 10, -0.27], [9, 11, -0.54], [9, 12, -0.2], [9, 13, -0.3], [9, 14, -0.36], [9, 15, -0.4], [9, 16, -0.36], [10, 0, 0.45], [10, 1, 0.37], [10, 2, 0.39], [10, 3, 0.71], [10, 4, 0.61], [10, 5, 0.66], [10, 6, 0.49], [10, 7, 0.55], [10, 8, 0.67], [10, 9, -0.27], [10, 10, 1.0], [10, 11, 0.51], [10, 12, 0.6], [10, 13, 0.44], [10, 14, 0.56], [10, 15, 0.13], [10, 16, 0.52], [11, 0, 0.78], [11, 1, 0.73], [11, 2, 0.77], [11, 3, 0.16], [11, 4, -0.04], [11, 5, 0.36], [11, 6, 0.15], [11, 7, -0.06], [11, 8, 0.61], [11, 9, -0.54], [11, 10, 0.51], [11, 11, 1.0], [11, 12, 0.76], [11, 13, 0.69], [11, 14, 0.78], [11, 15, 0.28], [11, 16, 0.14], [12, 0, 0.77], [12, 1, 0.71], [12, 2, 0.76], [12, 3, 0.33], [12, 4, 0.16], [12, 5, 0.66], [12, 6, 0.41], [12, 7, 0.04], [12, 8, 0.76], [12, 9, -0.2], [12, 10, 0.6], [12, 11, 0.76], [12, 12, 1.0], [12, 13, 0.76], [12, 14, 0.74], [12, 15, 0.18], [12, 16, 0.07], [13, 0, 0.67], [13, 1, 0.62], [13, 2, 0.7], [13, 3, 0.03], [13, 4, -0.16], [13, 5, 0.28], [13, 6, 0.13], [13, 7, -0.26], [13, 8, 0.46], [13, 9, -0.3], [13, 10, 0.44], [13, 11, 0.69], [13, 12, 0.76], [13, 13, 1.0], [13, 14, 0.53], [13, 15, 0.45], [13, 16, 0.05], [14, 0, 0.79], [14, 1, 0.78], [14, 2, 0.79], [14, 3, 0.35], [14, 4, 0.19], [14, 5, 0.49], [14, 6, 0.48], [14, 7, 0.22], [14, 8, 0.78], [14, 9, -0.36], [14, 10, 0.56], [14, 11, 0.78], [14, 12, 0.74], [14, 13, 0.53], [14, 14, 1.0], [14, 15, 0.22], [14, 16, 0.43], [15, 0, 0.19], [15, 1, 0.17], [15, 2, 0.2], [15, 3, -0.04], [15, 4, -0.11], [15, 5, -0.12], [15, 6, 0.06], [15, 7, -0.09], [15, 8, 0.08], [15, 9, -0.4], [15, 10, 0.13], [15, 11, 0.28], [15, 12, 0.18], [15, 13, 0.45], [15, 14, 0.22], [15, 15, 1.0], [15, 16, 0.49], [16, 0, 0.19], [16, 1, 0.23], [16, 2, 0.19], [16, 3, 0.41], [16, 4, 0.28], [16, 5, 0.11], [16, 6, 0.29], [16, 7, 0.49], [16, 8, 0.31], [16, 9, -0.36], [16, 10, 0.52], [16, 11, 0.14], [16, 12, 0.07], [16, 13, 0.05], [16, 14, 0.43], [16, 15, 0.49], [16, 16, 1.0]]