[[0, 0, 1.0], [0, 1, 0.81], [0, 2, 0.94], [0, 3, 0.29], [0, 4, -0.27], [0, 5, 0.64], [0, 6, 0.75], [0, 7, -0.05], [0, 8, 0.6], [0, 9, -0.34], [0, 10, -0.14], [0, 11, 0.13], [0, 12, 0.3], [0, 13, 0.61], [0, 14, 0.49], [0, 15, 0.56], [0, 16, 0.37], [1, 0, 0.81], [1, 1, 1.0], [1, 2, 0.94], [1, 3, 0.21], [1, 4, -0.09], [1, 5, 0.59], [1, 6, 0.54], [1, 7, 0.03], [1, 8, 0.44], [1, 9, -0.24], [1, 10, -0.12], [1, 11, 0.19], [1, 12, 0.31], [1, 13, 0.42], [1, 14, 0.48], [1, 15, 0.62], [1, 16, 0.22], [2, 0, 0.94], [2, 1, 0.94], [2, 2, 1.0], [2, 3, 0.29], [2, 4, -0.18], [2, 5, 0.64], [2, 6, 0.7], [2, 7, 0.02], [2, 8, 0.55], [2, 9, -0.28], [2, 10, -0.14], [2, 11, 0.17], [2, 12, 0.33], [2, 13, 0.57], [2, 14, 0.51], [2, 15, 0.64], [2, 16, 0.34], [3, 0, 0.29], [3, 1, 0.21], [3, 2, 0.29], [3, 3, 1.0], [3, 4, 0.44], [3, 5, 0.7], [3, 6, 0.66], [3, 7, 0.71], [3, 8, 0.77], [3, 9, 0.12], [3, 10, 0.28], [3, 11, 0.41], [3, 12, 0.11], [3, 13, 0.11], [3, 14, 0.1], [3, 15, 0.15], [3, 16, 0.13], [4, 0, -0.27], [4, 1, -0.09], [4, 2, -0.18], [4, 3, 0.44], [4, 4, 1.0], [4, 5, 0.37], [4, 6, 0.13], [4, 7, 0.69], [4, 8, 0.21], [4, 9, 0.76], [4, 10, 0.61], [4, 11, 0.38], [4, 12, -0.13], [4, 13, -0.29], [4, 14, -0.05], [4, 15, -0.14], [4, 16, 0.11], [5, 0, 0.64], [5, 1, 0.59], [5, 2, 0.64], [5, 3, 0.7], [5, 4, 0.37], [5, 5, 1.0], [5, 6, 0.81], [5, 7, 0.5], [5, 8, 0.8], [5, 9, 0.01], [5, 10, 0.13], [5, 11, 0.33], [5, 12, 0.27], [5, 13, 0.35], [5, 14, 0.44], [5, 15, 0.28], [5, 16, 0.42], [6, 0, 0.75], [6, 1, 0.54], [6, 2, 0.7], [6, 3, 0.66], [6, 4, 0.13], [6, 5, 0.81], [6, 6, 1.0], [6, 7, 0.45], [6, 8, 0.81], [6, 9, -0.17], [6, 10, 0.15], [6, 11, 0.4], [6, 12, 0.44], [6, 13, 0.56], [6, 14, 0.59], [6, 15, 0.49], [6, 16, 0.58], [7, 0, -0.05], [7, 1, 0.03], [7, 2, 0.02], [7, 3, 0.71], [7, 4, 0.69], [7, 5, 0.5], [7, 6, 0.45], [7, 7, 1.0], [7, 8, 0.38], [7, 9, 0.41], [7, 10, 0.59], [7, 11, 0.53], [7, 12, 0.2], [7, 13, -0.12], [7, 14, 0.08], [7, 15, 0.02], [7, 16, 0.21], [8, 0, 0.6], [8, 1, 0.44], [8, 2, 0.55], [8, 3, 0.77], [8, 4, 0.21], [8, 5, 0.8], [8, 6, 0.81], [8, 7, 0.38], [8, 8, 1.0], [8, 9, -0.1], [8, 10, 0.18], [8, 11, 0.49], [8, 12, 0.19], [8, 13, 0.31], [8, 14, 0.3], [8, 15, 0.27], [8, 16, 0.26], [9, 0, -0.34], [9, 1, -0.24], [9, 2, -0.28], [9, 3, 0.12], [9, 4, 0.76], [9, 5, 0.01], [9, 6, -0.17], [9, 7, 0.41], [9, 8, -0.1], [9, 9, 1.0], [9, 10, 0.61], [9, 11, 0.22], [9, 12, -0.31], [9, 13, -0.31], [9, 14, -0.28], [9, 15, -0.25], [9, 16, -0.07], [10, 0, -0.14], [10, 1, -0.12], [10, 2, -0.14], [10, 3, 0.28], [10, 4, 0.61], [10, 5, 0.13], [10, 6, 0.15], [10, 7, 0.59], [10, 8, 0.18], [10, 9, 0.61], [10, 10, 1.0], [10, 11, 0.76], [10, 12, 0.18], [10, 13, -0.18], [10, 14, 0.06], [10, 15, -0.0], [10, 16, 0.1], [11, 0, 0.13], [11, 1, 0.19], [11, 2, 0.17], [11, 3, 0.41], [11, 4, 0.38], [11, 5, 0.33], [11, 6, 0.4], [11, 7, 0.53], [11, 8, 0.49], [11, 9, 0.22], [11, 10, 0.76], [11, 11, 1.0], [11, 12, 0.32], [11, 13, -0.0], [11, 14, 0.22], [11, 15, 0.15], [11, 16, 0.17], [12, 0, 0.3], [12, 1, 0.31], [12, 2, 0.33], [12, 3, 0.11], [12, 4, -0.13], [12, 5, 0.27], [12, 6, 0.44], [12, 7, 0.2], [12, 8, 0.19], [12, 9, -0.31], [12, 10, 0.18], [12, 11, 0.32], [12, 12, 1.0], [12, 13, 0.54], [12, 14, 0.68], [12, 15, 0.31], [12, 16, 0.6], [13, 0, 0.61], [13, 1, 0.42], [13, 2, 0.57], [13, 3, 0.11], [13, 4, -0.29], [13, 5, 0.35], [13, 6, 0.56], [13, 7, -0.12], [13, 8, 0.31], [13, 9, -0.31], [13, 10, -0.18], [13, 11, -0.0], [13, 12, 0.54], [13, 13, 1.0], [13, 14, 0.77], [13, 15, 0.47], [13, 16, 0.71], [14, 0, 0.49], [14, 1, 0.48], [14, 2, 0.51], [14, 3, 0.1], [14, 4, -0.05], [14, 5, 0.44], [14, 6, 0.59], [14, 7, 0.08], [14, 8, 0.3], [14, 9, -0.28], [14, 10, 0.06], [14, 11, 0.22], [14, 12, 0.68], [14, 13, 0.77], [14, 14, 1.0], [14, 15, 0.46], [14, 16, 0.66], [15, 0, 0.56], [15, 1, 0.62], [15, 2, 0.64], [15, 3, 0.15], [15, 4, -0.14], [15, 5, 0.28], [15, 6, 0.49], [15, 7, 0.02], [15, 8, 0.27], [15, 9, -0.25], [15, 10, -0.0], [15, 11, 0.15], [15, 12, 0.31], [15, 13, 0.47], [15, 14, 0.46], [15, 15, 1.0], [15, 16, 0.56], [16, 0, 0.37], [16, 1, 0.22], [16, 2, 0.34], [16, 3, 0.13], [16, 4, 0.11], [16, 5, 0.42], [16, 6, 0.58], [16, 7, 0.21], [16, 8, 0.26], [16, 9, -0.07], [16, 10, 0.1], [16, 11, 0.17], [16, 12, 0.6], [16, 13, 0.71], [16, 14, 0.66], [16, 15, 0.56], [16, 16, 1.0]]