[[0, 0, 1.0], [0, 1, 0.69], [0, 2, 0.82], [0, 3, 0.61], [0, 4, 0.47], [0, 5, 0.35], [0, 6, 0.63], [0, 7, 0.45], [0, 8, 0.71], [0, 9, 0.27], [0, 10, 0.3], [0, 11, 0.23], [0, 12, 0.43], [0, 13, -0.3], [0, 14, 0.06], [0, 15, 0.2], [0, 16, 0.17], [1, 0, 0.69], [1, 1, 1.0], [1, 2, 0.95], [1, 3, 0.49], [1, 4, 0.41], [1, 5, 0.32], [1, 6, 0.67], [1, 7, 0.33], [1, 8, 0.62], [1, 9, 0.31], [1, 10, 0.2], [1, 11, 0.32], [1, 12, 0.45], [1, 13, -0.18], [1, 14, 0.35], [1, 15, 0.16], [1, 16, 0.21], [2, 0, 0.82], [2, 1, 0.95], [2, 2, 1.0], [2, 3, 0.51], [2, 4, 0.5], [2, 5, 0.31], [2, 6, 0.69], [2, 7, 0.4], [2, 8, 0.72], [2, 9, 0.33], [2, 10, 0.31], [2, 11, 0.41], [2, 12, 0.47], [2, 13, -0.29], [2, 14, 0.27], [2, 15, 0.11], [2, 16, 0.12], [3, 0, 0.61], [3, 1, 0.49], [3, 2, 0.51], [3, 3, 1.0], [3, 4, 0.35], [3, 5, 0.85], [3, 6, 0.75], [3, 7, 0.77], [3, 8, 0.72], [3, 9, 0.54], [3, 10, 0.27], [3, 11, 0.18], [3, 12, 0.3], [3, 13, -0.06], [3, 14, 0.11], [3, 15, 0.35], [3, 16, 0.31], [4, 0, 0.47], [4, 1, 0.41], [4, 2, 0.5], [4, 3, 0.35], [4, 4, 1.0], [4, 5, 0.35], [4, 6, 0.44], [4, 7, 0.63], [4, 8, 0.69], [4, 9, 0.65], [4, 10, 0.45], [4, 11, 0.37], [4, 12, -0.07], [4, 13, -0.12], [4, 14, 0.07], [4, 15, 0.04], [4, 16, -0.19], [5, 0, 0.35], [5, 1, 0.32], [5, 2, 0.31], [5, 3, 0.85], [5, 4, 0.35], [5, 5, 1.0], [5, 6, 0.61], [5, 7, 0.74], [5, 8, 0.62], [5, 9, 0.62], [5, 10, 0.06], [5, 11, 0.02], [5, 12, 0.12], [5, 13, 0.16], [5, 14, 0.06], [5, 15, 0.17], [5, 16, 0.19], [6, 0, 0.63], [6, 1, 0.67], [6, 2, 0.69], [6, 3, 0.75], [6, 4, 0.44], [6, 5, 0.61], [6, 6, 1.0], [6, 7, 0.57], [6, 8, 0.87], [6, 9, 0.33], [6, 10, 0.35], [6, 11, 0.27], [6, 12, 0.27], [6, 13, 0.02], [6, 14, 0.29], [6, 15, 0.52], [6, 16, 0.42], [7, 0, 0.45], [7, 1, 0.33], [7, 2, 0.4], [7, 3, 0.77], [7, 4, 0.63], [7, 5, 0.74], [7, 6, 0.57], [7, 7, 1.0], [7, 8, 0.7], [7, 9, 0.71], [7, 10, 0.33], [7, 11, 0.27], [7, 12, 0.26], [7, 13, -0.16], [7, 14, 0.13], [7, 15, 0.08], [7, 16, 0.01], [8, 0, 0.71], [8, 1, 0.62], [8, 2, 0.72], [8, 3, 0.72], [8, 4, 0.69], [8, 5, 0.62], [8, 6, 0.87], [8, 7, 0.7], [8, 8, 1.0], [8, 9, 0.51], [8, 10, 0.51], [8, 11, 0.43], [8, 12, 0.28], [8, 13, -0.06], [8, 14, 0.18], [8, 15, 0.31], [8, 16, 0.17], [9, 0, 0.27], [9, 1, 0.31], [9, 2, 0.33], [9, 3, 0.54], [9, 4, 0.65], [9, 5, 0.62], [9, 6, 0.33], [9, 7, 0.71], [9, 8, 0.51], [9, 9, 1.0], [9, 10, 0.19], [9, 11, 0.04], [9, 12, 0.14], [9, 13, 0.14], [9, 14, 0.28], [9, 15, -0.13], [9, 16, -0.01], [10, 0, 0.3], [10, 1, 0.2], [10, 2, 0.31], [10, 3, 0.27], [10, 4, 0.45], [10, 5, 0.06], [10, 6, 0.35], [10, 7, 0.33], [10, 8, 0.51], [10, 9, 0.19], [10, 10, 1.0], [10, 11, 0.84], [10, 12, 0.2], [10, 13, -0.03], [10, 14, 0.13], [10, 15, 0.15], [10, 16, -0.15], [11, 0, 0.23], [11, 1, 0.32], [11, 2, 0.41], [11, 3, 0.18], [11, 4, 0.37], [11, 5, 0.02], [11, 6, 0.27], [11, 7, 0.27], [11, 8, 0.43], [11, 9, 0.04], [11, 10, 0.84], [11, 11, 1.0], [11, 12, 0.23], [11, 13, -0.24], [11, 14, -0.06], [11, 15, -0.07], [11, 16, -0.42], [12, 0, 0.43], [12, 1, 0.45], [12, 2, 0.47], [12, 3, 0.3], [12, 4, -0.07], [12, 5, 0.12], [12, 6, 0.27], [12, 7, 0.26], [12, 8, 0.28], [12, 9, 0.14], [12, 10, 0.2], [12, 11, 0.23], [12, 12, 1.0], [12, 13, -0.35], [12, 14, 0.35], [12, 15, -0.27], [12, 16, 0.1], [13, 0, -0.3], [13, 1, -0.18], [13, 2, -0.29], [13, 3, -0.06], [13, 4, -0.12], [13, 5, 0.16], [13, 6, 0.02], [13, 7, -0.16], [13, 8, -0.06], [13, 9, 0.14], [13, 10, -0.03], [13, 11, -0.24], [13, 12, -0.35], [13, 13, 1.0], [13, 14, 0.42], [13, 15, 0.41], [13, 16, 0.41], [14, 0, 0.06], [14, 1, 0.35], [14, 2, 0.27], [14, 3, 0.11], [14, 4, 0.07], [14, 5, 0.06], [14, 6, 0.29], [14, 7, 0.13], [14, 8, 0.18], [14, 9, 0.28], [14, 10, 0.13], [14, 11, -0.06], [14, 12, 0.35], [14, 13, 0.42], [14, 14, 1.0], [14, 15, 0.36], [14, 16, 0.62], [15, 0, 0.2], [15, 1, 0.16], [15, 2, 0.11], [15, 3, 0.35], [15, 4, 0.04], [15, 5, 0.17], [15, 6, 0.52], [15, 7, 0.08], [15, 8, 0.31], [15, 9, -0.13], [15, 10, 0.15], [15, 11, -0.07], [15, 12, -0.27], [15, 13, 0.41], [15, 14, 0.36], [15, 15, 1.0], [15, 16, 0.75], [16, 0, 0.17], [16, 1, 0.21], [16, 2, 0.12], [16, 3, 0.31], [16, 4, -0.19], [16, 5, 0.19], [16, 6, 0.42], [16, 7, 0.01], [16, 8, 0.17], [16, 9, -0.01], [16, 10, -0.15], [16, 11, -0.42], [16, 12, 0.1], [16, 13, 0.41], [16, 14, 0.62], [16, 15, 0.75], [16, 16, 1.0]]