[[0, 0, 1.0], [0, 1, 0.41], [0, 2, 0.91], [0, 3, 0.5], [0, 4, 0.09], [0, 5, 0.64], [0, 6, 0.63], [0, 7, 0.51], [0, 8, 0.54], [0, 9, -0.02], [0, 10, 0.32], [0, 11, 0.19], [0, 12, 0.26], [0, 13, 0.44], [0, 14, 0.12], [0, 15, -0.21], [0, 16, -0.1], [1, 0, 0.41], [1, 1, 1.0], [1, 2, 0.72], [1, 3, 0.31], [1, 4, 0.46], [1, 5, 0.58], [1, 6, 0.44], [1, 7, 0.23], [1, 8, 0.57], [1, 9, 0.43], [1, 10, -0.05], [1, 11, -0.1], [1, 12, 0.17], [1, 13, -0.16], [1, 14, -0.15], [1, 15, -0.22], [1, 16, -0.32], [2, 0, 0.91], [2, 1, 0.72], [2, 2, 1.0], [2, 3, 0.52], [2, 4, 0.19], [2, 5, 0.78], [2, 6, 0.68], [2, 7, 0.51], [2, 8, 0.64], [2, 9, 0.14], [2, 10, 0.24], [2, 11, 0.12], [2, 12, 0.27], [2, 13, 0.3], [2, 14, -0.0], [2, 15, -0.27], [2, 16, -0.25], [3, 0, 0.5], [3, 1, 0.31], [3, 2, 0.52], [3, 3, 1.0], [3, 4, 0.38], [3, 5, 0.7], [3, 6, 0.84], [3, 7, 0.93], [3, 8, 0.86], [3, 9, 0.31], [3, 10, 0.66], [3, 11, 0.57], [3, 12, 0.36], [3, 13, 0.43], [3, 14, 0.58], [3, 15, 0.22], [3, 16, 0.1], [4, 0, 0.09], [4, 1, 0.46], [4, 2, 0.19], [4, 3, 0.38], [4, 4, 1.0], [4, 5, 0.22], [4, 6, 0.22], [4, 7, 0.4], [4, 8, 0.59], [4, 9, 0.57], [4, 10, 0.14], [4, 11, 0.11], [4, 12, -0.05], [4, 13, 0.13], [4, 14, 0.27], [4, 15, 0.27], [4, 16, 0.42], [5, 0, 0.64], [5, 1, 0.58], [5, 2, 0.78], [5, 3, 0.7], [5, 4, 0.22], [5, 5, 1.0], [5, 6, 0.82], [5, 7, 0.69], [5, 8, 0.76], [5, 9, 0.22], [5, 10, 0.52], [5, 11, 0.36], [5, 12, 0.36], [5, 13, 0.37], [5, 14, 0.26], [5, 15, 0.02], [5, 16, -0.07], [6, 0, 0.63], [6, 1, 0.44], [6, 2, 0.68], [6, 3, 0.84], [6, 4, 0.22], [6, 5, 0.82], [6, 6, 1.0], [6, 7, 0.77], [6, 8, 0.86], [6, 9, 0.14], [6, 10, 0.6], [6, 11, 0.48], [6, 12, 0.39], [6, 13, 0.41], [6, 14, 0.36], [6, 15, 0.16], [6, 16, -0.04], [7, 0, 0.51], [7, 1, 0.23], [7, 2, 0.51], [7, 3, 0.93], [7, 4, 0.4], [7, 5, 0.69], [7, 6, 0.77], [7, 7, 1.0], [7, 8, 0.86], [7, 9, 0.29], [7, 10, 0.73], [7, 11, 0.66], [7, 12, 0.4], [7, 13, 0.61], [7, 14, 0.6], [7, 15, 0.33], [7, 16, 0.28], [8, 0, 0.54], [8, 1, 0.57], [8, 2, 0.64], [8, 3, 0.86], [8, 4, 0.59], [8, 5, 0.76], [8, 6, 0.86], [8, 7, 0.86], [8, 8, 1.0], [8, 9, 0.33], [8, 10, 0.59], [8, 11, 0.5], [8, 12, 0.43], [8, 13, 0.43], [8, 14, 0.4], [8, 15, 0.33], [8, 16, 0.17], [9, 0, -0.02], [9, 1, 0.43], [9, 2, 0.14], [9, 3, 0.31], [9, 4, 0.57], [9, 5, 0.22], [9, 6, 0.14], [9, 7, 0.29], [9, 8, 0.33], [9, 9, 1.0], [9, 10, -0.02], [9, 11, -0.05], [9, 12, -0.08], [9, 13, -0.02], [9, 14, 0.54], [9, 15, 0.12], [9, 16, 0.32], [10, 0, 0.32], [10, 1, -0.05], [10, 2, 0.24], [10, 3, 0.66], [10, 4, 0.14], [10, 5, 0.52], [10, 6, 0.6], [10, 7, 0.73], [10, 8, 0.59], [10, 9, -0.02], [10, 10, 1.0], [10, 11, 0.94], [10, 12, 0.7], [10, 13, 0.5], [10, 14, 0.46], [10, 15, 0.45], [10, 16, 0.42], [11, 0, 0.19], [11, 1, -0.1], [11, 2, 0.12], [11, 3, 0.57], [11, 4, 0.11], [11, 5, 0.36], [11, 6, 0.48], [11, 7, 0.66], [11, 8, 0.5], [11, 9, -0.05], [11, 10, 0.94], [11, 11, 1.0], [11, 12, 0.74], [11, 13, 0.43], [11, 14, 0.45], [11, 15, 0.52], [11, 16, 0.42], [12, 0, 0.26], [12, 1, 0.17], [12, 2, 0.27], [12, 3, 0.36], [12, 4, -0.05], [12, 5, 0.36], [12, 6, 0.39], [12, 7, 0.4], [12, 8, 0.43], [12, 9, -0.08], [12, 10, 0.7], [12, 11, 0.74], [12, 12, 1.0], [12, 13, 0.14], [12, 14, 0.18], [12, 15, 0.43], [12, 16, 0.2], [13, 0, 0.44], [13, 1, -0.16], [13, 2, 0.3], [13, 3, 0.43], [13, 4, 0.13], [13, 5, 0.37], [13, 6, 0.41], [13, 7, 0.61], [13, 8, 0.43], [13, 9, -0.02], [13, 10, 0.5], [13, 11, 0.43], [13, 12, 0.14], [13, 13, 1.0], [13, 14, 0.49], [13, 15, 0.45], [13, 16, 0.32], [14, 0, 0.12], [14, 1, -0.15], [14, 2, -0.0], [14, 3, 0.58], [14, 4, 0.27], [14, 5, 0.26], [14, 6, 0.36], [14, 7, 0.6], [14, 8, 0.4], [14, 9, 0.54], [14, 10, 0.46], [14, 11, 0.45], [14, 12, 0.18], [14, 13, 0.49], [14, 14, 1.0], [14, 15, 0.57], [14, 16, 0.51], [15, 0, -0.21], [15, 1, -0.22], [15, 2, -0.27], [15, 3, 0.22], [15, 4, 0.27], [15, 5, 0.02], [15, 6, 0.16], [15, 7, 0.33], [15, 8, 0.33], [15, 9, 0.12], [15, 10, 0.45], [15, 11, 0.52], [15, 12, 0.43], [15, 13, 0.45], [15, 14, 0.57], [15, 15, 1.0], [15, 16, 0.64], [16, 0, -0.1], [16, 1, -0.32], [16, 2, -0.25], [16, 3, 0.1], [16, 4, 0.42], [16, 5, -0.07], [16, 6, -0.04], [16, 7, 0.28], [16, 8, 0.17], [16, 9, 0.32], [16, 10, 0.42], [16, 11, 0.42], [16, 12, 0.2], [16, 13, 0.32], [16, 14, 0.51], [16, 15, 0.64], [16, 16, 1.0]]