[[0, 0, 1.0], [0, 1, 0.95], [0, 2, 0.99], [0, 3, 0.4], [0, 4, 0.01], [0, 5, 0.56], [0, 6, 0.41], [0, 7, 0.18], [0, 8, 0.78], [0, 9, -0.61], [0, 10, 0.77], [0, 11, 0.79], [0, 12, 0.81], [0, 13, 0.81], [0, 14, 0.73], [0, 15, 0.22], [0, 16, 0.24], [1, 0, 0.95], [1, 1, 1.0], [1, 2, 0.98], [1, 3, 0.38], [1, 4, -0.0], [1, 5, 0.48], [1, 6, 0.42], [1, 7, 0.19], [1, 8, 0.74], [1, 9, -0.62], [1, 10, 0.68], [1, 11, 0.72], [1, 12, 0.72], [1, 13, 0.71], [1, 14, 0.71], [1, 15, 0.2], [1, 16, 0.29], [2, 0, 0.99], [2, 1, 0.98], [2, 2, 1.0], [2, 3, 0.38], [2, 4, -0.03], [2, 5, 0.51], [2, 6, 0.4], [2, 7, 0.16], [2, 8, 0.76], [2, 9, -0.63], [2, 10, 0.73], [2, 11, 0.8], [2, 12, 0.77], [2, 13, 0.79], [2, 14, 0.73], [2, 15, 0.22], [2, 16, 0.24], [3, 0, 0.4], [3, 1, 0.38], [3, 2, 0.38], [3, 3, 1.0], [3, 4, 0.71], [3, 5, 0.82], [3, 6, 0.87], [3, 7, 0.91], [3, 8, 0.79], [3, 9, -0.17], [3, 10, 0.64], [3, 11, 0.24], [3, 12, 0.36], [3, 13, -0.0], [3, 14, 0.46], [3, 15, 0.16], [3, 16, 0.29], [4, 0, 0.01], [4, 1, -0.0], [4, 2, -0.03], [4, 3, 0.71], [4, 4, 1.0], [4, 5, 0.63], [4, 6, 0.65], [4, 7, 0.73], [4, 8, 0.49], [4, 9, 0.27], [4, 10, 0.32], [4, 11, -0.08], [4, 12, 0.24], [4, 13, -0.24], [4, 14, 0.22], [4, 15, 0.09], [4, 16, 0.23], [5, 0, 0.56], [5, 1, 0.48], [5, 2, 0.51], [5, 3, 0.82], [5, 4, 0.63], [5, 5, 1.0], [5, 6, 0.73], [5, 7, 0.65], [5, 8, 0.88], [5, 9, -0.12], [5, 10, 0.75], [5, 11, 0.42], [5, 12, 0.65], [5, 13, 0.29], [5, 14, 0.56], [5, 15, 0.19], [5, 16, 0.22], [6, 0, 0.41], [6, 1, 0.42], [6, 2, 0.4], [6, 3, 0.87], [6, 4, 0.65], [6, 5, 0.73], [6, 6, 1.0], [6, 7, 0.82], [6, 8, 0.81], [6, 9, -0.1], [6, 10, 0.44], [6, 11, 0.17], [6, 12, 0.41], [6, 13, 0.03], [6, 14, 0.45], [6, 15, 0.13], [6, 16, 0.23], [7, 0, 0.18], [7, 1, 0.19], [7, 2, 0.16], [7, 3, 0.91], [7, 4, 0.73], [7, 5, 0.65], [7, 6, 0.82], [7, 7, 1.0], [7, 8, 0.6], [7, 9, -0.13], [7, 10, 0.45], [7, 11, 0.0], [7, 12, 0.14], [7, 13, -0.32], [7, 14, 0.33], [7, 15, 0.1], [7, 16, 0.36], [8, 0, 0.78], [8, 1, 0.74], [8, 2, 0.76], [8, 3, 0.79], [8, 4, 0.49], [8, 5, 0.88], [8, 6, 0.81], [8, 7, 0.6], [8, 8, 1.0], [8, 9, -0.33], [8, 10, 0.78], [8, 11, 0.61], [8, 12, 0.74], [8, 13, 0.48], [8, 14, 0.75], [8, 15, 0.19], [8, 16, 0.24], [9, 0, -0.61], [9, 1, -0.62], [9, 2, -0.63], [9, 3, -0.17], [9, 4, 0.27], [9, 5, -0.12], [9, 6, -0.1], [9, 7, -0.13], [9, 8, -0.33], [9, 9, 1.0], [9, 10, -0.39], [9, 11, -0.67], [9, 12, -0.29], [9, 13, -0.47], [9, 14, -0.49], [9, 15, -0.34], [9, 16, -0.22], [10, 0, 0.77], [10, 1, 0.68], [10, 2, 0.73], [10, 3, 0.64], [10, 4, 0.32], [10, 5, 0.75], [10, 6, 0.44], [10, 7, 0.45], [10, 8, 0.78], [10, 9, -0.39], [10, 10, 1.0], [10, 11, 0.69], [10, 12, 0.71], [10, 13, 0.55], [10, 14, 0.76], [10, 15, 0.13], [10, 16, 0.41], [11, 0, 0.79], [11, 1, 0.72], [11, 2, 0.8], [11, 3, 0.24], [11, 4, -0.08], [11, 5, 0.42], [11, 6, 0.17], [11, 7, 0.0], [11, 8, 0.61], [11, 9, -0.67], [11, 10, 0.69], [11, 11, 1.0], [11, 12, 0.72], [11, 13, 0.78], [11, 14, 0.76], [11, 15, 0.29], [11, 16, 0.09], [12, 0, 0.81], [12, 1, 0.72], [12, 2, 0.77], [12, 3, 0.36], [12, 4, 0.24], [12, 5, 0.65], [12, 6, 0.41], [12, 7, 0.14], [12, 8, 0.74], [12, 9, -0.29], [12, 10, 0.71], [12, 11, 0.72], [12, 12, 1.0], [12, 13, 0.72], [12, 14, 0.63], [12, 15, 0.21], [12, 16, 0.13], [13, 0, 0.81], [13, 1, 0.71], [13, 2, 0.79], [13, 3, -0.0], [13, 4, -0.24], [13, 5, 0.29], [13, 6, 0.03], [13, 7, -0.32], [13, 8, 0.48], [13, 9, -0.47], [13, 10, 0.55], [13, 11, 0.78], [13, 12, 0.72], [13, 13, 1.0], [13, 14, 0.55], [13, 15, 0.26], [13, 16, 0.03], [14, 0, 0.73], [14, 1, 0.71], [14, 2, 0.73], [14, 3, 0.46], [14, 4, 0.22], [14, 5, 0.56], [14, 6, 0.45], [14, 7, 0.33], [14, 8, 0.75], [14, 9, -0.49], [14, 10, 0.76], [14, 11, 0.76], [14, 12, 0.63], [14, 13, 0.55], [14, 14, 1.0], [14, 15, 0.25], [14, 16, 0.45], [15, 0, 0.22], [15, 1, 0.2], [15, 2, 0.22], [15, 3, 0.16], [15, 4, 0.09], [15, 5, 0.19], [15, 6, 0.13], [15, 7, 0.1], [15, 8, 0.19], [15, 9, -0.34], [15, 10, 0.13], [15, 11, 0.29], [15, 12, 0.21], [15, 13, 0.26], [15, 14, 0.25], [15, 15, 1.0], [15, 16, 0.39], [16, 0, 0.24], [16, 1, 0.29], [16, 2, 0.24], [16, 3, 0.29], [16, 4, 0.23], [16, 5, 0.22], [16, 6, 0.23], [16, 7, 0.36], [16, 8, 0.24], [16, 9, -0.22], [16, 10, 0.41], [16, 11, 0.09], [16, 12, 0.13], [16, 13, 0.03], [16, 14, 0.45], [16, 15, 0.39], [16, 16, 1.0]]