[[0, 0, 1.0], [0, 1, 0.85], [0, 2, 0.94], [0, 3, -0.66], [0, 4, -0.75], [0, 5, -0.62], [0, 6, -0.61], [0, 7, -0.68], [0, 8, -0.49], [0, 9, 0.03], [0, 10, -0.64], [0, 11, -0.33], [0, 12, -0.36], [0, 13, -0.1], [0, 14, 0.22], [0, 15, -0.49], [0, 16, -0.22], [1, 0, 0.85], [1, 1, 1.0], [1, 2, 0.97], [1, 3, -0.57], [1, 4, -0.74], [1, 5, -0.49], [1, 6, -0.57], [1, 7, -0.73], [1, 8, -0.29], [1, 9, -0.23], [1, 10, -0.68], [1, 11, -0.19], [1, 12, -0.22], [1, 13, 0.15], [1, 14, 0.47], [1, 15, -0.49], [1, 16, -0.22], [2, 0, 0.94], [2, 1, 0.97], [2, 2, 1.0], [2, 3, -0.58], [2, 4, -0.73], [2, 5, -0.51], [2, 6, -0.57], [2, 7, -0.7], [2, 8, -0.34], [2, 9, -0.07], [2, 10, -0.66], [2, 11, -0.23], [2, 12, -0.25], [2, 13, 0.04], [2, 14, 0.36], [2, 15, -0.51], [2, 16, -0.25], [3, 0, -0.66], [3, 1, -0.57], [3, 2, -0.58], [3, 3, 1.0], [3, 4, 0.85], [3, 5, 0.92], [3, 6, 0.76], [3, 7, 0.87], [3, 8, 0.77], [3, 9, 0.32], [3, 10, 0.77], [3, 11, 0.54], [3, 12, 0.6], [3, 13, -0.07], [3, 14, -0.22], [3, 15, 0.43], [3, 16, 0.21], [4, 0, -0.75], [4, 1, -0.74], [4, 2, -0.73], [4, 3, 0.85], [4, 4, 1.0], [4, 5, 0.82], [4, 6, 0.75], [4, 7, 0.87], [4, 8, 0.68], [4, 9, 0.32], [4, 10, 0.81], [4, 11, 0.46], [4, 12, 0.59], [4, 13, -0.09], [4, 14, -0.42], [4, 15, 0.55], [4, 16, 0.27], [5, 0, -0.62], [5, 1, -0.49], [5, 2, -0.51], [5, 3, 0.92], [5, 4, 0.82], [5, 5, 1.0], [5, 6, 0.72], [5, 7, 0.78], [5, 8, 0.85], [5, 9, 0.29], [5, 10, 0.82], [5, 11, 0.68], [5, 12, 0.79], [5, 13, 0.12], [5, 14, -0.23], [5, 15, 0.29], [5, 16, 0.24], [6, 0, -0.61], [6, 1, -0.57], [6, 2, -0.57], [6, 3, 0.76], [6, 4, 0.75], [6, 5, 0.72], [6, 6, 1.0], [6, 7, 0.79], [6, 8, 0.74], [6, 9, 0.22], [6, 10, 0.65], [6, 11, 0.43], [6, 12, 0.66], [6, 13, -0.11], [6, 14, -0.27], [6, 15, 0.39], [6, 16, 0.13], [7, 0, -0.68], [7, 1, -0.73], [7, 2, -0.7], [7, 3, 0.87], [7, 4, 0.87], [7, 5, 0.78], [7, 6, 0.79], [7, 7, 1.0], [7, 8, 0.64], [7, 9, 0.4], [7, 10, 0.81], [7, 11, 0.42], [7, 12, 0.49], [7, 13, -0.3], [7, 14, -0.52], [7, 15, 0.6], [7, 16, 0.14], [8, 0, -0.49], [8, 1, -0.29], [8, 2, -0.34], [8, 3, 0.77], [8, 4, 0.68], [8, 5, 0.85], [8, 6, 0.74], [8, 7, 0.64], [8, 8, 1.0], [8, 9, 0.04], [8, 10, 0.65], [8, 11, 0.56], [8, 12, 0.8], [8, 13, 0.31], [8, 14, -0.08], [8, 15, 0.1], [8, 16, -0.12], [9, 0, 0.03], [9, 1, -0.23], [9, 2, -0.07], [9, 3, 0.32], [9, 4, 0.32], [9, 5, 0.29], [9, 6, 0.22], [9, 7, 0.4], [9, 8, 0.04], [9, 9, 1.0], [9, 10, 0.29], [9, 11, -0.04], [9, 12, 0.02], [9, 13, -0.49], [9, 14, -0.55], [9, 15, 0.04], [9, 16, -0.08], [10, 0, -0.64], [10, 1, -0.68], [10, 2, -0.66], [10, 3, 0.77], [10, 4, 0.81], [10, 5, 0.82], [10, 6, 0.65], [10, 7, 0.81], [10, 8, 0.65], [10, 9, 0.29], [10, 10, 1.0], [10, 11, 0.74], [10, 12, 0.7], [10, 13, 0.07], [10, 14, -0.38], [10, 15, 0.48], [10, 16, 0.24], [11, 0, -0.33], [11, 1, -0.19], [11, 2, -0.23], [11, 3, 0.54], [11, 4, 0.46], [11, 5, 0.68], [11, 6, 0.43], [11, 7, 0.42], [11, 8, 0.56], [11, 9, -0.04], [11, 10, 0.74], [11, 11, 1.0], [11, 12, 0.77], [11, 13, 0.31], [11, 14, 0.03], [11, 15, 0.29], [11, 16, 0.3], [12, 0, -0.36], [12, 1, -0.22], [12, 2, -0.25], [12, 3, 0.6], [12, 4, 0.59], [12, 5, 0.79], [12, 6, 0.66], [12, 7, 0.49], [12, 8, 0.8], [12, 9, 0.02], [12, 10, 0.7], [12, 11, 0.77], [12, 12, 1.0], [12, 13, 0.27], [12, 14, -0.06], [12, 15, 0.17], [12, 16, 0.2], [13, 0, -0.1], [13, 1, 0.15], [13, 2, 0.04], [13, 3, -0.07], [13, 4, -0.09], [13, 5, 0.12], [13, 6, -0.11], [13, 7, -0.3], [13, 8, 0.31], [13, 9, -0.49], [13, 10, 0.07], [13, 11, 0.31], [13, 12, 0.27], [13, 13, 1.0], [13, 14, 0.31], [13, 15, -0.23], [13, 16, -0.24], [14, 0, 0.22], [14, 1, 0.47], [14, 2, 0.36], [14, 3, -0.22], [14, 4, -0.42], [14, 5, -0.23], [14, 6, -0.27], [14, 7, -0.52], [14, 8, -0.08], [14, 9, -0.55], [14, 10, -0.38], [14, 11, 0.03], [14, 12, -0.06], [14, 13, 0.31], [14, 14, 1.0], [14, 15, -0.31], [14, 16, 0.22], [15, 0, -0.49], [15, 1, -0.49], [15, 2, -0.51], [15, 3, 0.43], [15, 4, 0.55], [15, 5, 0.29], [15, 6, 0.39], [15, 7, 0.6], [15, 8, 0.1], [15, 9, 0.04], [15, 10, 0.48], [15, 11, 0.29], [15, 12, 0.17], [15, 13, -0.23], [15, 14, -0.31], [15, 15, 1.0], [15, 16, 0.4], [16, 0, -0.22], [16, 1, -0.22], [16, 2, -0.25], [16, 3, 0.21], [16, 4, 0.27], [16, 5, 0.24], [16, 6, 0.13], [16, 7, 0.14], [16, 8, -0.12], [16, 9, -0.08], [16, 10, 0.24], [16, 11, 0.3], [16, 12, 0.2], [16, 13, -0.24], [16, 14, 0.22], [16, 15, 0.4], [16, 16, 1.0]]