[[0, 0, 1.0], [0, 1, 0.84], [0, 2, 0.94], [0, 3, -0.66], [0, 4, -0.71], [0, 5, -0.61], [0, 6, -0.61], [0, 7, -0.68], [0, 8, -0.47], [0, 9, -0.05], [0, 10, -0.6], [0, 11, -0.23], [0, 12, -0.35], [0, 13, 0.06], [0, 14, 0.19], [0, 15, -0.38], [0, 16, -0.13], [1, 0, 0.84], [1, 1, 1.0], [1, 2, 0.97], [1, 3, -0.57], [1, 4, -0.65], [1, 5, -0.48], [1, 6, -0.57], [1, 7, -0.67], [1, 8, -0.27], [1, 9, -0.19], [1, 10, -0.6], [1, 11, -0.2], [1, 12, -0.23], [1, 13, 0.27], [1, 14, 0.41], [1, 15, -0.41], [1, 16, -0.2], [2, 0, 0.94], [2, 1, 0.97], [2, 2, 1.0], [2, 3, -0.58], [2, 4, -0.67], [2, 5, -0.51], [2, 6, -0.58], [2, 7, -0.65], [2, 8, -0.32], [2, 9, -0.1], [2, 10, -0.59], [2, 11, -0.2], [2, 12, -0.27], [2, 13, 0.19], [2, 14, 0.31], [2, 15, -0.42], [2, 16, -0.21], [3, 0, -0.66], [3, 1, -0.57], [3, 2, -0.58], [3, 3, 1.0], [3, 4, 0.85], [3, 5, 0.92], [3, 6, 0.76], [3, 7, 0.88], [3, 8, 0.77], [3, 9, 0.38], [3, 10, 0.79], [3, 11, 0.46], [3, 12, 0.6], [3, 13, -0.11], [3, 14, -0.18], [3, 15, 0.32], [3, 16, 0.11], [4, 0, -0.71], [4, 1, -0.65], [4, 2, -0.67], [4, 3, 0.85], [4, 4, 1.0], [4, 5, 0.81], [4, 6, 0.78], [4, 7, 0.92], [4, 8, 0.64], [4, 9, 0.49], [4, 10, 0.79], [4, 11, 0.23], [4, 12, 0.55], [4, 13, -0.28], [4, 14, -0.42], [4, 15, 0.41], [4, 16, 0.09], [5, 0, -0.61], [5, 1, -0.48], [5, 2, -0.51], [5, 3, 0.92], [5, 4, 0.81], [5, 5, 1.0], [5, 6, 0.72], [5, 7, 0.81], [5, 8, 0.84], [5, 9, 0.37], [5, 10, 0.84], [5, 11, 0.55], [5, 12, 0.78], [5, 13, 0.0], [5, 14, -0.21], [5, 15, 0.14], [5, 16, 0.09], [6, 0, -0.61], [6, 1, -0.57], [6, 2, -0.58], [6, 3, 0.76], [6, 4, 0.78], [6, 5, 0.72], [6, 6, 1.0], [6, 7, 0.82], [6, 8, 0.74], [6, 9, 0.31], [6, 10, 0.7], [6, 11, 0.33], [6, 12, 0.66], [6, 13, -0.11], [6, 14, -0.25], [6, 15, 0.28], [6, 16, -0.0], [7, 0, -0.68], [7, 1, -0.67], [7, 2, -0.65], [7, 3, 0.88], [7, 4, 0.92], [7, 5, 0.81], [7, 6, 0.82], [7, 7, 1.0], [7, 8, 0.66], [7, 9, 0.45], [7, 10, 0.86], [7, 11, 0.34], [7, 12, 0.53], [7, 13, -0.28], [7, 14, -0.49], [7, 15, 0.55], [7, 16, 0.1], [8, 0, -0.47], [8, 1, -0.27], [8, 2, -0.32], [8, 3, 0.77], [8, 4, 0.64], [8, 5, 0.84], [8, 6, 0.74], [8, 7, 0.66], [8, 8, 1.0], [8, 9, 0.13], [8, 10, 0.64], [8, 11, 0.47], [8, 12, 0.78], [8, 13, 0.34], [8, 14, -0.03], [8, 15, 0.02], [8, 16, -0.27], [9, 0, -0.05], [9, 1, -0.19], [9, 2, -0.1], [9, 3, 0.38], [9, 4, 0.49], [9, 5, 0.37], [9, 6, 0.31], [9, 7, 0.45], [9, 8, 0.13], [9, 9, 1.0], [9, 10, 0.34], [9, 11, -0.14], [9, 12, 0.19], [9, 13, -0.59], [9, 14, -0.46], [9, 15, -0.09], [9, 16, -0.15], [10, 0, -0.6], [10, 1, -0.6], [10, 2, -0.59], [10, 3, 0.79], [10, 4, 0.79], [10, 5, 0.84], [10, 6, 0.7], [10, 7, 0.86], [10, 8, 0.64], [10, 9, 0.34], [10, 10, 1.0], [10, 11, 0.6], [10, 12, 0.7], [10, 13, -0.07], [10, 14, -0.38], [10, 15, 0.37], [10, 16, 0.14], [11, 0, -0.23], [11, 1, -0.2], [11, 2, -0.2], [11, 3, 0.46], [11, 4, 0.23], [11, 5, 0.55], [11, 6, 0.33], [11, 7, 0.34], [11, 8, 0.47], [11, 9, -0.14], [11, 10, 0.6], [11, 11, 1.0], [11, 12, 0.65], [11, 13, 0.24], [11, 14, 0.13], [11, 15, 0.22], [11, 16, 0.21], [12, 0, -0.35], [12, 1, -0.23], [12, 2, -0.27], [12, 3, 0.6], [12, 4, 0.55], [12, 5, 0.78], [12, 6, 0.66], [12, 7, 0.53], [12, 8, 0.78], [12, 9, 0.19], [12, 10, 0.7], [12, 11, 0.65], [12, 12, 1.0], [12, 13, 0.12], [12, 14, -0.04], [12, 15, 0.04], [12, 16, 0.01], [13, 0, 0.06], [13, 1, 0.27], [13, 2, 0.19], [13, 3, -0.11], [13, 4, -0.28], [13, 5, 0.0], [13, 6, -0.11], [13, 7, -0.28], [13, 8, 0.34], [13, 9, -0.59], [13, 10, -0.07], [13, 11, 0.24], [13, 12, 0.12], [13, 13, 1.0], [13, 14, 0.38], [13, 15, -0.25], [13, 16, -0.37], [14, 0, 0.19], [14, 1, 0.41], [14, 2, 0.31], [14, 3, -0.18], [14, 4, -0.42], [14, 5, -0.21], [14, 6, -0.25], [14, 7, -0.49], [14, 8, -0.03], [14, 9, -0.46], [14, 10, -0.38], [14, 11, 0.13], [14, 12, -0.04], [14, 13, 0.38], [14, 14, 1.0], [14, 15, -0.21], [14, 16, 0.26], [15, 0, -0.38], [15, 1, -0.41], [15, 2, -0.42], [15, 3, 0.32], [15, 4, 0.41], [15, 5, 0.14], [15, 6, 0.28], [15, 7, 0.55], [15, 8, 0.02], [15, 9, -0.09], [15, 10, 0.37], [15, 11, 0.22], [15, 12, 0.04], [15, 13, -0.25], [15, 14, -0.21], [15, 15, 1.0], [15, 16, 0.41], [16, 0, -0.13], [16, 1, -0.2], [16, 2, -0.21], [16, 3, 0.11], [16, 4, 0.09], [16, 5, 0.09], [16, 6, -0.0], [16, 7, 0.1], [16, 8, -0.27], [16, 9, -0.15], [16, 10, 0.14], [16, 11, 0.21], [16, 12, 0.01], [16, 13, -0.37], [16, 14, 0.26], [16, 15, 0.41], [16, 16, 1.0]]