[[0, 0, 1.0], [0, 1, 0.69], [0, 2, 0.96], [0, 3, 0.12], [0, 4, -0.33], [0, 5, 0.45], [0, 6, 0.59], [0, 7, -0.05], [0, 8, 0.46], [0, 9, -0.51], [0, 10, 0.04], [0, 11, 0.33], [0, 12, 0.56], [0, 13, 0.64], [0, 14, 0.19], [0, 15, -0.08], [0, 16, 0.18], [1, 0, 0.69], [1, 1, 1.0], [1, 2, 0.85], [1, 3, 0.15], [1, 4, -0.41], [1, 5, 0.36], [1, 6, 0.63], [1, 7, 0.12], [1, 8, 0.6], [1, 9, -0.42], [1, 10, 0.21], [1, 11, 0.49], [1, 12, 0.35], [1, 13, 0.48], [1, 14, 0.04], [1, 15, -0.23], [1, 16, 0.09], [2, 0, 0.96], [2, 1, 0.85], [2, 2, 1.0], [2, 3, 0.19], [2, 4, -0.37], [2, 5, 0.47], [2, 6, 0.66], [2, 7, 0.04], [2, 8, 0.55], [2, 9, -0.51], [2, 10, 0.09], [2, 11, 0.38], [2, 12, 0.51], [2, 13, 0.61], [2, 14, 0.16], [2, 15, -0.14], [2, 16, 0.14], [3, 0, 0.12], [3, 1, 0.15], [3, 2, 0.19], [3, 3, 1.0], [3, 4, 0.52], [3, 5, 0.64], [3, 6, 0.53], [3, 7, 0.88], [3, 8, 0.61], [3, 9, 0.28], [3, 10, 0.62], [3, 11, 0.52], [3, 12, 0.14], [3, 13, 0.05], [3, 14, 0.35], [3, 15, 0.34], [3, 16, 0.23], [4, 0, -0.33], [4, 1, -0.41], [4, 2, -0.37], [4, 3, 0.52], [4, 4, 1.0], [4, 5, 0.23], [4, 6, -0.29], [4, 7, 0.53], [4, 8, 0.18], [4, 9, 0.78], [4, 10, 0.54], [4, 11, 0.16], [4, 12, -0.17], [4, 13, -0.48], [4, 14, 0.04], [4, 15, 0.23], [4, 16, 0.26], [5, 0, 0.45], [5, 1, 0.36], [5, 2, 0.47], [5, 3, 0.64], [5, 4, 0.23], [5, 5, 1.0], [5, 6, 0.7], [5, 7, 0.61], [5, 8, 0.82], [5, 9, -0.25], [5, 10, 0.41], [5, 11, 0.53], [5, 12, 0.37], [5, 13, 0.54], [5, 14, 0.16], [5, 15, -0.09], [5, 16, 0.15], [6, 0, 0.59], [6, 1, 0.63], [6, 2, 0.66], [6, 3, 0.53], [6, 4, -0.29], [6, 5, 0.7], [6, 6, 1.0], [6, 7, 0.47], [6, 8, 0.74], [6, 9, -0.55], [6, 10, 0.32], [6, 11, 0.6], [6, 12, 0.37], [6, 13, 0.74], [6, 14, 0.36], [6, 15, 0.06], [6, 16, 0.24], [7, 0, -0.05], [7, 1, 0.12], [7, 2, 0.04], [7, 3, 0.88], [7, 4, 0.53], [7, 5, 0.61], [7, 6, 0.47], [7, 7, 1.0], [7, 8, 0.56], [7, 9, 0.27], [7, 10, 0.63], [7, 11, 0.6], [7, 12, -0.0], [7, 13, 0.08], [7, 14, 0.11], [7, 15, 0.18], [7, 16, 0.19], [8, 0, 0.46], [8, 1, 0.6], [8, 2, 0.55], [8, 3, 0.61], [8, 4, 0.18], [8, 5, 0.82], [8, 6, 0.74], [8, 7, 0.56], [8, 8, 1.0], [8, 9, -0.19], [8, 10, 0.49], [8, 11, 0.61], [8, 12, 0.25], [8, 13, 0.4], [8, 14, 0.23], [8, 15, 0.03], [8, 16, 0.34], [9, 0, -0.51], [9, 1, -0.42], [9, 2, -0.51], [9, 3, 0.28], [9, 4, 0.78], [9, 5, -0.25], [9, 6, -0.55], [9, 7, 0.27], [9, 8, -0.19], [9, 9, 1.0], [9, 10, 0.28], [9, 11, -0.08], [9, 12, -0.28], [9, 13, -0.72], [9, 14, -0.16], [9, 15, 0.23], [9, 16, 0.06], [10, 0, 0.04], [10, 1, 0.21], [10, 2, 0.09], [10, 3, 0.62], [10, 4, 0.54], [10, 5, 0.41], [10, 6, 0.32], [10, 7, 0.63], [10, 8, 0.49], [10, 9, 0.28], [10, 10, 1.0], [10, 11, 0.77], [10, 12, 0.11], [10, 13, 0.06], [10, 14, 0.28], [10, 15, 0.17], [10, 16, 0.3], [11, 0, 0.33], [11, 1, 0.49], [11, 2, 0.38], [11, 3, 0.52], [11, 4, 0.16], [11, 5, 0.53], [11, 6, 0.6], [11, 7, 0.6], [11, 8, 0.61], [11, 9, -0.08], [11, 10, 0.77], [11, 11, 1.0], [11, 12, 0.29], [11, 13, 0.38], [11, 14, 0.14], [11, 15, 0.18], [11, 16, 0.21], [12, 0, 0.56], [12, 1, 0.35], [12, 2, 0.51], [12, 3, 0.14], [12, 4, -0.17], [12, 5, 0.37], [12, 6, 0.37], [12, 7, -0.0], [12, 8, 0.25], [12, 9, -0.28], [12, 10, 0.11], [12, 11, 0.29], [12, 12, 1.0], [12, 13, 0.49], [12, 14, 0.12], [12, 15, -0.29], [12, 16, -0.08], [13, 0, 0.64], [13, 1, 0.48], [13, 2, 0.61], [13, 3, 0.05], [13, 4, -0.48], [13, 5, 0.54], [13, 6, 0.74], [13, 7, 0.08], [13, 8, 0.4], [13, 9, -0.72], [13, 10, 0.06], [13, 11, 0.38], [13, 12, 0.49], [13, 13, 1.0], [13, 14, 0.01], [13, 15, -0.23], [13, 16, -0.07], [14, 0, 0.19], [14, 1, 0.04], [14, 2, 0.16], [14, 3, 0.35], [14, 4, 0.04], [14, 5, 0.16], [14, 6, 0.36], [14, 7, 0.11], [14, 8, 0.23], [14, 9, -0.16], [14, 10, 0.28], [14, 11, 0.14], [14, 12, 0.12], [14, 13, 0.01], [14, 14, 1.0], [14, 15, 0.59], [14, 16, 0.75], [15, 0, -0.08], [15, 1, -0.23], [15, 2, -0.14], [15, 3, 0.34], [15, 4, 0.23], [15, 5, -0.09], [15, 6, 0.06], [15, 7, 0.18], [15, 8, 0.03], [15, 9, 0.23], [15, 10, 0.17], [15, 11, 0.18], [15, 12, -0.29], [15, 13, -0.23], [15, 14, 0.59], [15, 15, 1.0], [15, 16, 0.57], [16, 0, 0.18], [16, 1, 0.09], [16, 2, 0.14], [16, 3, 0.23], [16, 4, 0.26], [16, 5, 0.15], [16, 6, 0.24], [16, 7, 0.19], [16, 8, 0.34], [16, 9, 0.06], [16, 10, 0.3], [16, 11, 0.21], [16, 12, -0.08], [16, 13, -0.07], [16, 14, 0.75], [16, 15, 0.57], [16, 16, 1.0]]