[[0, 0, 1.0], [0, 1, 0.96], [0, 2, 0.99], [0, 3, 0.31], [0, 4, -0.12], [0, 5, 0.39], [0, 6, 0.69], [0, 7, -0.01], [0, 8, 0.53], [0, 9, 0.31], [0, 10, 0.15], [0, 11, 0.35], [0, 12, 0.42], [0, 13, 0.26], [0, 14, 0.14], [0, 15, -0.15], [0, 16, 0.12], [1, 0, 0.96], [1, 1, 1.0], [1, 2, 0.98], [1, 3, 0.25], [1, 4, -0.14], [1, 5, 0.33], [1, 6, 0.58], [1, 7, -0.06], [1, 8, 0.48], [1, 9, 0.34], [1, 10, 0.19], [1, 11, 0.35], [1, 12, 0.42], [1, 13, 0.08], [1, 14, 0.14], [1, 15, -0.14], [1, 16, 0.12], [2, 0, 0.99], [2, 1, 0.98], [2, 2, 1.0], [2, 3, 0.29], [2, 4, -0.12], [2, 5, 0.36], [2, 6, 0.66], [2, 7, -0.04], [2, 8, 0.51], [2, 9, 0.32], [2, 10, 0.19], [2, 11, 0.36], [2, 12, 0.42], [2, 13, 0.19], [2, 14, 0.13], [2, 15, -0.13], [2, 16, 0.14], [3, 0, 0.31], [3, 1, 0.25], [3, 2, 0.29], [3, 3, 1.0], [3, 4, 0.42], [3, 5, 0.77], [3, 6, 0.65], [3, 7, 0.81], [3, 8, 0.72], [3, 9, 0.45], [3, 10, 0.64], [3, 11, 0.58], [3, 12, 0.43], [3, 13, 0.33], [3, 14, 0.07], [3, 15, 0.32], [3, 16, 0.37], [4, 0, -0.12], [4, 1, -0.14], [4, 2, -0.12], [4, 3, 0.42], [4, 4, 1.0], [4, 5, 0.48], [4, 6, -0.04], [4, 7, 0.63], [4, 8, 0.38], [4, 9, 0.34], [4, 10, 0.4], [4, 11, 0.3], [4, 12, -0.13], [4, 13, 0.09], [4, 14, -0.08], [4, 15, 0.45], [4, 16, 0.07], [5, 0, 0.39], [5, 1, 0.33], [5, 2, 0.36], [5, 3, 0.77], [5, 4, 0.48], [5, 5, 1.0], [5, 6, 0.61], [5, 7, 0.74], [5, 8, 0.82], [5, 9, 0.61], [5, 10, 0.58], [5, 11, 0.67], [5, 12, 0.33], [5, 13, 0.19], [5, 14, 0.18], [5, 15, 0.34], [5, 16, 0.37], [6, 0, 0.69], [6, 1, 0.58], [6, 2, 0.66], [6, 3, 0.65], [6, 4, -0.04], [6, 5, 0.61], [6, 6, 1.0], [6, 7, 0.34], [6, 8, 0.82], [6, 9, 0.17], [6, 10, 0.39], [6, 11, 0.55], [6, 12, 0.61], [6, 13, 0.49], [6, 14, 0.14], [6, 15, -0.06], [6, 16, 0.2], [7, 0, -0.01], [7, 1, -0.06], [7, 2, -0.04], [7, 3, 0.81], [7, 4, 0.63], [7, 5, 0.74], [7, 6, 0.34], [7, 7, 1.0], [7, 8, 0.59], [7, 9, 0.5], [7, 10, 0.64], [7, 11, 0.52], [7, 12, 0.09], [7, 13, 0.08], [7, 14, 0.03], [7, 15, 0.24], [7, 16, 0.24], [8, 0, 0.53], [8, 1, 0.48], [8, 2, 0.51], [8, 3, 0.72], [8, 4, 0.38], [8, 5, 0.82], [8, 6, 0.82], [8, 7, 0.59], [8, 8, 1.0], [8, 9, 0.33], [8, 10, 0.64], [8, 11, 0.81], [8, 12, 0.58], [8, 13, 0.35], [8, 14, 0.28], [8, 15, 0.16], [8, 16, 0.33], [9, 0, 0.31], [9, 1, 0.34], [9, 2, 0.32], [9, 3, 0.45], [9, 4, 0.34], [9, 5, 0.61], [9, 6, 0.17], [9, 7, 0.5], [9, 8, 0.33], [9, 9, 1.0], [9, 10, 0.42], [9, 11, 0.25], [9, 12, -0.1], [9, 13, -0.34], [9, 14, -0.26], [9, 15, 0.06], [9, 16, 0.21], [10, 0, 0.15], [10, 1, 0.19], [10, 2, 0.19], [10, 3, 0.64], [10, 4, 0.4], [10, 5, 0.58], [10, 6, 0.39], [10, 7, 0.64], [10, 8, 0.64], [10, 9, 0.42], [10, 10, 1.0], [10, 11, 0.8], [10, 12, 0.42], [10, 13, 0.13], [10, 14, 0.27], [10, 15, 0.32], [10, 16, 0.55], [11, 0, 0.35], [11, 1, 0.35], [11, 2, 0.36], [11, 3, 0.58], [11, 4, 0.3], [11, 5, 0.67], [11, 6, 0.55], [11, 7, 0.52], [11, 8, 0.81], [11, 9, 0.25], [11, 10, 0.8], [11, 11, 1.0], [11, 12, 0.59], [11, 13, 0.24], [11, 14, 0.49], [11, 15, 0.39], [11, 16, 0.5], [12, 0, 0.42], [12, 1, 0.42], [12, 2, 0.42], [12, 3, 0.43], [12, 4, -0.13], [12, 5, 0.33], [12, 6, 0.61], [12, 7, 0.09], [12, 8, 0.58], [12, 9, -0.1], [12, 10, 0.42], [12, 11, 0.59], [12, 12, 1.0], [12, 13, 0.47], [12, 14, 0.5], [12, 15, 0.2], [12, 16, 0.3], [13, 0, 0.26], [13, 1, 0.08], [13, 2, 0.19], [13, 3, 0.33], [13, 4, 0.09], [13, 5, 0.19], [13, 6, 0.49], [13, 7, 0.08], [13, 8, 0.35], [13, 9, -0.34], [13, 10, 0.13], [13, 11, 0.24], [13, 12, 0.47], [13, 13, 1.0], [13, 14, 0.44], [13, 15, 0.17], [13, 16, 0.18], [14, 0, 0.14], [14, 1, 0.14], [14, 2, 0.13], [14, 3, 0.07], [14, 4, -0.08], [14, 5, 0.18], [14, 6, 0.14], [14, 7, 0.03], [14, 8, 0.28], [14, 9, -0.26], [14, 10, 0.27], [14, 11, 0.49], [14, 12, 0.5], [14, 13, 0.44], [14, 14, 1.0], [14, 15, 0.17], [14, 16, 0.4], [15, 0, -0.15], [15, 1, -0.14], [15, 2, -0.13], [15, 3, 0.32], [15, 4, 0.45], [15, 5, 0.34], [15, 6, -0.06], [15, 7, 0.24], [15, 8, 0.16], [15, 9, 0.06], [15, 10, 0.32], [15, 11, 0.39], [15, 12, 0.2], [15, 13, 0.17], [15, 14, 0.17], [15, 15, 1.0], [15, 16, 0.59], [16, 0, 0.12], [16, 1, 0.12], [16, 2, 0.14], [16, 3, 0.37], [16, 4, 0.07], [16, 5, 0.37], [16, 6, 0.2], [16, 7, 0.24], [16, 8, 0.33], [16, 9, 0.21], [16, 10, 0.55], [16, 11, 0.5], [16, 12, 0.3], [16, 13, 0.18], [16, 14, 0.4], [16, 15, 0.59], [16, 16, 1.0]]