[[0, 0, 1.0], [0, 1, 0.85], [0, 2, 0.94], [0, 3, -0.65], [0, 4, -0.64], [0, 5, -0.63], [0, 6, -0.55], [0, 7, -0.58], [0, 8, -0.4], [0, 9, -0.05], [0, 10, -0.61], [0, 11, -0.52], [0, 12, -0.33], [0, 13, -0.14], [0, 14, 0.25], [0, 15, -0.27], [0, 16, -0.14], [1, 0, 0.85], [1, 1, 1.0], [1, 2, 0.97], [1, 3, -0.59], [1, 4, -0.69], [1, 5, -0.54], [1, 6, -0.55], [1, 7, -0.67], [1, 8, -0.26], [1, 9, -0.28], [1, 10, -0.73], [1, 11, -0.44], [1, 12, -0.2], [1, 13, 0.13], [1, 14, 0.51], [1, 15, -0.25], [1, 16, -0.13], [2, 0, 0.94], [2, 1, 0.97], [2, 2, 1.0], [2, 3, -0.59], [2, 4, -0.66], [2, 5, -0.55], [2, 6, -0.53], [2, 7, -0.62], [2, 8, -0.29], [2, 9, -0.16], [2, 10, -0.68], [2, 11, -0.45], [2, 12, -0.22], [2, 13, 0.04], [2, 14, 0.4], [2, 15, -0.26], [2, 16, -0.14], [3, 0, -0.65], [3, 1, -0.59], [3, 2, -0.59], [3, 3, 1.0], [3, 4, 0.85], [3, 5, 0.94], [3, 6, 0.78], [3, 7, 0.86], [3, 8, 0.74], [3, 9, 0.25], [3, 10, 0.8], [3, 11, 0.66], [3, 12, 0.56], [3, 13, -0.02], [3, 14, -0.27], [3, 15, 0.34], [3, 16, 0.16], [4, 0, -0.64], [4, 1, -0.69], [4, 2, -0.66], [4, 3, 0.85], [4, 4, 1.0], [4, 5, 0.83], [4, 6, 0.75], [4, 7, 0.88], [4, 8, 0.64], [4, 9, 0.28], [4, 10, 0.87], [4, 11, 0.6], [4, 12, 0.5], [4, 13, -0.16], [4, 14, -0.45], [4, 15, 0.35], [4, 16, 0.09], [5, 0, -0.63], [5, 1, -0.54], [5, 2, -0.55], [5, 3, 0.94], [5, 4, 0.83], [5, 5, 1.0], [5, 6, 0.72], [5, 7, 0.77], [5, 8, 0.75], [5, 9, 0.32], [5, 10, 0.81], [5, 11, 0.77], [5, 12, 0.73], [5, 13, 0.15], [5, 14, -0.27], [5, 15, 0.2], [5, 16, 0.13], [6, 0, -0.55], [6, 1, -0.55], [6, 2, -0.53], [6, 3, 0.78], [6, 4, 0.75], [6, 5, 0.72], [6, 6, 1.0], [6, 7, 0.83], [6, 8, 0.78], [6, 9, 0.18], [6, 10, 0.73], [6, 11, 0.52], [6, 12, 0.42], [6, 13, -0.21], [6, 14, -0.25], [6, 15, 0.4], [6, 16, 0.21], [7, 0, -0.58], [7, 1, -0.67], [7, 2, -0.62], [7, 3, 0.86], [7, 4, 0.88], [7, 5, 0.77], [7, 6, 0.83], [7, 7, 1.0], [7, 8, 0.65], [7, 9, 0.3], [7, 10, 0.86], [7, 11, 0.52], [7, 12, 0.4], [7, 13, -0.35], [7, 14, -0.54], [7, 15, 0.48], [7, 16, 0.06], [8, 0, -0.4], [8, 1, -0.26], [8, 2, -0.29], [8, 3, 0.74], [8, 4, 0.64], [8, 5, 0.75], [8, 6, 0.78], [8, 7, 0.65], [8, 8, 1.0], [8, 9, -0.05], [8, 10, 0.61], [8, 11, 0.49], [8, 12, 0.6], [8, 13, 0.12], [8, 14, -0.12], [8, 15, 0.15], [8, 16, -0.15], [9, 0, -0.05], [9, 1, -0.28], [9, 2, -0.16], [9, 3, 0.25], [9, 4, 0.28], [9, 5, 0.32], [9, 6, 0.18], [9, 7, 0.3], [9, 8, -0.05], [9, 9, 1.0], [9, 10, 0.32], [9, 11, 0.09], [9, 12, -0.03], [9, 13, -0.3], [9, 14, -0.59], [9, 15, -0.12], [9, 16, 0.08], [10, 0, -0.61], [10, 1, -0.73], [10, 2, -0.68], [10, 3, 0.8], [10, 4, 0.87], [10, 5, 0.81], [10, 6, 0.73], [10, 7, 0.86], [10, 8, 0.61], [10, 9, 0.32], [10, 10, 1.0], [10, 11, 0.75], [10, 12, 0.53], [10, 13, -0.1], [10, 14, -0.51], [10, 15, 0.32], [10, 16, 0.01], [11, 0, -0.52], [11, 1, -0.44], [11, 2, -0.45], [11, 3, 0.66], [11, 4, 0.6], [11, 5, 0.77], [11, 6, 0.52], [11, 7, 0.52], [11, 8, 0.49], [11, 9, 0.09], [11, 10, 0.75], [11, 11, 1.0], [11, 12, 0.72], [11, 13, 0.36], [11, 14, -0.15], [11, 15, 0.23], [11, 16, 0.13], [12, 0, -0.33], [12, 1, -0.2], [12, 2, -0.22], [12, 3, 0.56], [12, 4, 0.5], [12, 5, 0.73], [12, 6, 0.42], [12, 7, 0.4], [12, 8, 0.6], [12, 9, -0.03], [12, 10, 0.53], [12, 11, 0.72], [12, 12, 1.0], [12, 13, 0.39], [12, 14, 0.02], [12, 15, 0.09], [12, 16, -0.09], [13, 0, -0.14], [13, 1, 0.13], [13, 2, 0.04], [13, 3, -0.02], [13, 4, -0.16], [13, 5, 0.15], [13, 6, -0.21], [13, 7, -0.35], [13, 8, 0.12], [13, 9, -0.3], [13, 10, -0.1], [13, 11, 0.36], [13, 12, 0.39], [13, 13, 1.0], [13, 14, 0.38], [13, 15, -0.19], [13, 16, -0.16], [14, 0, 0.25], [14, 1, 0.51], [14, 2, 0.4], [14, 3, -0.27], [14, 4, -0.45], [14, 5, -0.27], [14, 6, -0.25], [14, 7, -0.54], [14, 8, -0.12], [14, 9, -0.59], [14, 10, -0.51], [14, 11, -0.15], [14, 12, 0.02], [14, 13, 0.38], [14, 14, 1.0], [14, 15, -0.12], [14, 16, 0.23], [15, 0, -0.27], [15, 1, -0.25], [15, 2, -0.26], [15, 3, 0.34], [15, 4, 0.35], [15, 5, 0.2], [15, 6, 0.4], [15, 7, 0.48], [15, 8, 0.15], [15, 9, -0.12], [15, 10, 0.32], [15, 11, 0.23], [15, 12, 0.09], [15, 13, -0.19], [15, 14, -0.12], [15, 15, 1.0], [15, 16, 0.49], [16, 0, -0.14], [16, 1, -0.13], [16, 2, -0.14], [16, 3, 0.16], [16, 4, 0.09], [16, 5, 0.13], [16, 6, 0.21], [16, 7, 0.06], [16, 8, -0.15], [16, 9, 0.08], [16, 10, 0.01], [16, 11, 0.13], [16, 12, -0.09], [16, 13, -0.16], [16, 14, 0.23], [16, 15, 0.49], [16, 16, 1.0]]