[[0, 0, 1.0], [0, 1, 0.42], [0, 2, 0.92], [0, 3, 0.48], [0, 4, -0.36], [0, 5, 0.67], [0, 6, 0.75], [0, 7, 0.33], [0, 8, 0.75], [0, 9, -0.25], [0, 10, 0.31], [0, 11, 0.29], [0, 12, 0.38], [0, 13, 0.41], [0, 14, 0.22], [0, 15, -0.05], [0, 16, -0.08], [1, 0, 0.42], [1, 1, 1.0], [1, 2, 0.68], [1, 3, 0.09], [1, 4, 0.12], [1, 5, 0.48], [1, 6, 0.38], [1, 7, -0.1], [1, 8, 0.46], [1, 9, 0.26], [1, 10, -0.29], [1, 11, -0.26], [1, 12, 0.07], [1, 13, -0.38], [1, 14, -0.13], [1, 15, -0.3], [1, 16, -0.31], [2, 0, 0.92], [2, 1, 0.68], [2, 2, 1.0], [2, 3, 0.46], [2, 4, -0.28], [2, 5, 0.74], [2, 6, 0.74], [2, 7, 0.26], [2, 8, 0.77], [2, 9, -0.13], [2, 10, 0.19], [2, 11, 0.16], [2, 12, 0.32], [2, 13, 0.21], [2, 14, 0.08], [2, 15, -0.19], [2, 16, -0.22], [3, 0, 0.48], [3, 1, 0.09], [3, 2, 0.46], [3, 3, 1.0], [3, 4, 0.17], [3, 5, 0.69], [3, 6, 0.6], [3, 7, 0.89], [3, 8, 0.63], [3, 9, 0.17], [3, 10, 0.46], [3, 11, 0.42], [3, 12, 0.24], [3, 13, 0.35], [3, 14, 0.33], [3, 15, -0.09], [3, 16, -0.09], [4, 0, -0.36], [4, 1, 0.12], [4, 2, -0.28], [4, 3, 0.17], [4, 4, 1.0], [4, 5, -0.02], [4, 6, -0.27], [4, 7, 0.33], [4, 8, -0.17], [4, 9, 0.65], [4, 10, -0.21], [4, 11, -0.27], [4, 12, -0.36], [4, 13, -0.44], [4, 14, -0.21], [4, 15, -0.36], [4, 16, -0.33], [5, 0, 0.67], [5, 1, 0.48], [5, 2, 0.74], [5, 3, 0.69], [5, 4, -0.02], [5, 5, 1.0], [5, 6, 0.76], [5, 7, 0.56], [5, 8, 0.85], [5, 9, -0.0], [5, 10, 0.41], [5, 11, 0.35], [5, 12, 0.47], [5, 13, 0.23], [5, 14, 0.14], [5, 15, -0.11], [5, 16, -0.21], [6, 0, 0.75], [6, 1, 0.38], [6, 2, 0.74], [6, 3, 0.6], [6, 4, -0.27], [6, 5, 0.76], [6, 6, 1.0], [6, 7, 0.5], [6, 8, 0.84], [6, 9, -0.14], [6, 10, 0.36], [6, 11, 0.5], [6, 12, 0.53], [6, 13, 0.39], [6, 14, 0.36], [6, 15, 0.09], [6, 16, 0.02], [7, 0, 0.33], [7, 1, -0.1], [7, 2, 0.26], [7, 3, 0.89], [7, 4, 0.33], [7, 5, 0.56], [7, 6, 0.5], [7, 7, 1.0], [7, 8, 0.43], [7, 9, 0.15], [7, 10, 0.51], [7, 11, 0.46], [7, 12, 0.21], [7, 13, 0.39], [7, 14, 0.28], [7, 15, -0.12], [7, 16, -0.08], [8, 0, 0.75], [8, 1, 0.46], [8, 2, 0.77], [8, 3, 0.63], [8, 4, -0.17], [8, 5, 0.85], [8, 6, 0.84], [8, 7, 0.43], [8, 8, 1.0], [8, 9, -0.05], [8, 10, 0.45], [8, 11, 0.44], [8, 12, 0.52], [8, 13, 0.22], [8, 14, 0.2], [8, 15, -0.1], [8, 16, -0.17], [9, 0, -0.25], [9, 1, 0.26], [9, 2, -0.13], [9, 3, 0.17], [9, 4, 0.65], [9, 5, -0.0], [9, 6, -0.14], [9, 7, 0.15], [9, 8, -0.05], [9, 9, 1.0], [9, 10, -0.18], [9, 11, -0.2], [9, 12, -0.24], [9, 13, -0.59], [9, 14, 0.25], [9, 15, -0.01], [9, 16, -0.02], [10, 0, 0.31], [10, 1, -0.29], [10, 2, 0.19], [10, 3, 0.46], [10, 4, -0.21], [10, 5, 0.41], [10, 6, 0.36], [10, 7, 0.51], [10, 8, 0.45], [10, 9, -0.18], [10, 10, 1.0], [10, 11, 0.91], [10, 12, 0.7], [10, 13, 0.31], [10, 14, 0.35], [10, 15, 0.27], [10, 16, 0.33], [11, 0, 0.29], [11, 1, -0.26], [11, 2, 0.16], [11, 3, 0.42], [11, 4, -0.27], [11, 5, 0.35], [11, 6, 0.5], [11, 7, 0.46], [11, 8, 0.44], [11, 9, -0.2], [11, 10, 0.91], [11, 11, 1.0], [11, 12, 0.75], [11, 13, 0.32], [11, 14, 0.52], [11, 15, 0.49], [11, 16, 0.55], [12, 0, 0.38], [12, 1, 0.07], [12, 2, 0.32], [12, 3, 0.24], [12, 4, -0.36], [12, 5, 0.47], [12, 6, 0.53], [12, 7, 0.21], [12, 8, 0.52], [12, 9, -0.24], [12, 10, 0.7], [12, 11, 0.75], [12, 12, 1.0], [12, 13, 0.04], [12, 14, 0.25], [12, 15, 0.32], [12, 16, 0.22], [13, 0, 0.41], [13, 1, -0.38], [13, 2, 0.21], [13, 3, 0.35], [13, 4, -0.44], [13, 5, 0.23], [13, 6, 0.39], [13, 7, 0.39], [13, 8, 0.22], [13, 9, -0.59], [13, 10, 0.31], [13, 11, 0.32], [13, 12, 0.04], [13, 13, 1.0], [13, 14, 0.26], [13, 15, 0.07], [13, 16, 0.18], [14, 0, 0.22], [14, 1, -0.13], [14, 2, 0.08], [14, 3, 0.33], [14, 4, -0.21], [14, 5, 0.14], [14, 6, 0.36], [14, 7, 0.28], [14, 8, 0.2], [14, 9, 0.25], [14, 10, 0.35], [14, 11, 0.52], [14, 12, 0.25], [14, 13, 0.26], [14, 14, 1.0], [14, 15, 0.7], [14, 16, 0.79], [15, 0, -0.05], [15, 1, -0.3], [15, 2, -0.19], [15, 3, -0.09], [15, 4, -0.36], [15, 5, -0.11], [15, 6, 0.09], [15, 7, -0.12], [15, 8, -0.1], [15, 9, -0.01], [15, 10, 0.27], [15, 11, 0.49], [15, 12, 0.32], [15, 13, 0.07], [15, 14, 0.7], [15, 15, 1.0], [15, 16, 0.87], [16, 0, -0.08], [16, 1, -0.31], [16, 2, -0.22], [16, 3, -0.09], [16, 4, -0.33], [16, 5, -0.21], [16, 6, 0.02], [16, 7, -0.08], [16, 8, -0.17], [16, 9, -0.02], [16, 10, 0.33], [16, 11, 0.55], [16, 12, 0.22], [16, 13, 0.18], [16, 14, 0.79], [16, 15, 0.87], [16, 16, 1.0]]