[[0, 0, 1.0], [0, 1, 0.586], [0, 2, 0.897], [0, 3, 0.247], [0, 4, -0.052], [0, 5, 0.319], [0, 6, 0.457], [0, 7, 0.105], [0, 8, 0.447], [0, 9, -0.06], [0, 10, 0.05], [0, 11, 0.141], [0, 12, 0.223], [0, 13, 0.362], [0, 14, 0.048], [0, 15, 0.139], [0, 16, 0.031], [1, 0, 0.586], [1, 1, 1.0], [1, 2, 0.855], [1, 3, 0.275], [1, 4, 0.184], [1, 5, 0.292], [1, 6, 0.358], [1, 7, 0.246], [1, 8, 0.374], [1, 9, 0.268], [1, 10, 0.209], [1, 11, 0.215], [1, 12, 0.11], [1, 13, 0.158], [1, 14, 0.004], [1, 15, 0.064], [1, 16, 0.009], [2, 0, 0.897], [2, 1, 0.855], [2, 2, 1.0], [2, 3, 0.271], [2, 4, 0.056], [2, 5, 0.332], [2, 6, 0.451], [2, 7, 0.18], [2, 8, 0.458], [2, 9, 0.101], [2, 10, 0.141], [2, 11, 0.202], [2, 12, 0.203], [2, 13, 0.298], [2, 14, 0.025], [2, 15, 0.112], [2, 16, 0.024], [3, 0, 0.247], [3, 1, 0.275], [3, 2, 0.271], [3, 3, 1.0], [3, 4, 0.524], [3, 5, 0.578], [3, 6, 0.523], [3, 7, 0.832], [3, 8, 0.724], [3, 9, 0.069], [3, 10, 0.493], [3, 11, 0.427], [3, 12, 0.397], [3, 13, 0.144], [3, 14, 0.152], [3, 15, 0.159], [3, 16, 0.056], [4, 0, -0.052], [4, 1, 0.184], [4, 2, 0.056], [4, 3, 0.524], [4, 4, 1.0], [4, 5, 0.378], [4, 6, 0.188], [4, 7, 0.579], [4, 8, 0.463], [4, 9, 0.387], [4, 10, 0.485], [4, 11, 0.287], [4, 12, 0.186], [4, 13, -0.096], [4, 14, 0.091], [4, 15, 0.121], [4, 16, 0.052], [5, 0, 0.319], [5, 1, 0.292], [5, 2, 0.332], [5, 3, 0.578], [5, 4, 0.378], [5, 5, 1.0], [5, 6, 0.527], [5, 7, 0.491], [5, 8, 0.648], [5, 9, -0.046], [5, 10, 0.301], [5, 11, 0.276], [5, 12, 0.34], [5, 13, 0.141], [5, 14, 0.173], [5, 15, 0.131], [5, 16, 0.094], [6, 0, 0.457], [6, 1, 0.358], [6, 2, 0.451], [6, 3, 0.523], [6, 4, 0.188], [6, 5, 0.527], [6, 6, 1.0], [6, 7, 0.396], [6, 8, 0.686], [6, 9, -0.097], [6, 10, 0.301], [6, 11, 0.311], [6, 12, 0.42], [6, 13, 0.33], [6, 14, 0.307], [6, 15, 0.312], [6, 16, 0.225], [7, 0, 0.105], [7, 1, 0.246], [7, 2, 0.18], [7, 3, 0.832], [7, 4, 0.579], [7, 5, 0.491], [7, 6, 0.396], [7, 7, 1.0], [7, 8, 0.567], [7, 9, 0.155], [7, 10, 0.486], [7, 11, 0.341], [7, 12, 0.277], [7, 13, 0.044], [7, 14, 0.136], [7, 15, 0.109], [7, 16, 0.073], [8, 0, 0.447], [8, 1, 0.374], [8, 2, 0.458], [8, 3, 0.724], [8, 4, 0.463], [8, 5, 0.648], [8, 6, 0.686], [8, 7, 0.567], [8, 8, 1.0], [8, 9, 0.092], [8, 10, 0.39], [8, 11, 0.395], [8, 12, 0.501], [8, 13, 0.259], [8, 14, 0.234], [8, 15, 0.268], [8, 16, 0.154], [9, 0, -0.06], [9, 1, 0.268], [9, 2, 0.101], [9, 3, 0.069], [9, 4, 0.387], [9, 5, -0.046], [9, 6, -0.097], [9, 7, 0.155], [9, 8, 0.092], [9, 9, 1.0], [9, 10, 0.246], [9, 11, 0.103], [9, 12, -0.07], [9, 13, -0.07], [9, 14, 0.0], [9, 15, -0.058], [9, 16, -0.057], [10, 0, 0.05], [10, 1, 0.209], [10, 2, 0.141], [10, 3, 0.493], [10, 4, 0.485], [10, 5, 0.301], [10, 6, 0.301], [10, 7, 0.486], [10, 8, 0.39], [10, 9, 0.246], [10, 10, 1.0], [10, 11, 0.812], [10, 12, 0.234], [10, 13, -0.045], [10, 14, 0.127], [10, 15, 0.118], [10, 16, 0.151], [11, 0, 0.141], [11, 1, 0.215], [11, 2, 0.202], [11, 3, 0.427], [11, 4, 0.287], [11, 5, 0.276], [11, 6, 0.311], [11, 7, 0.341], [11, 8, 0.395], [11, 9, 0.103], [11, 10, 0.812], [11, 11, 1.0], [11, 12, 0.21], [11, 13, 0.022], [11, 14, 0.084], [11, 15, 0.077], [11, 16, 0.139], [12, 0, 0.223], [12, 1, 0.11], [12, 2, 0.203], [12, 3, 0.397], [12, 4, 0.186], [12, 5, 0.34], [12, 6, 0.42], [12, 7, 0.277], [12, 8, 0.501], [12, 9, -0.07], [12, 10, 0.234], [12, 11, 0.21], [12, 12, 1.0], [12, 13, 0.157], [12, 14, 0.213], [12, 15, 0.263], [12, 16, 0.202], [13, 0, 0.362], [13, 1, 0.158], [13, 2, 0.298], [13, 3, 0.144], [13, 4, -0.096], [13, 5, 0.141], [13, 6, 0.33], [13, 7, 0.044], [13, 8, 0.259], [13, 9, -0.07], [13, 10, -0.045], [13, 11, 0.022], [13, 12, 0.157], [13, 13, 1.0], [13, 14, 0.168], [13, 15, 0.168], [13, 16, 0.115], [14, 0, 0.048], [14, 1, 0.004], [14, 2, 0.025], [14, 3, 0.152], [14, 4, 0.091], [14, 5, 0.173], [14, 6, 0.307], [14, 7, 0.136], [14, 8, 0.234], [14, 9, 0.0], [14, 10, 0.127], [14, 11, 0.084], [14, 12, 0.213], [14, 13, 0.168], [14, 14, 1.0], [14, 15, 0.489], [14, 16, 0.681], [15, 0, 0.139], [15, 1, 0.064], [15, 2, 0.112], [15, 3, 0.159], [15, 4, 0.121], [15, 5, 0.131], [15, 6, 0.312], [15, 7, 0.109], [15, 8, 0.268], [15, 9, -0.058], [15, 10, 0.118], [15, 11, 0.077], [15, 12, 0.263], [15, 13, 0.168], [15, 14, 0.489], [15, 15, 1.0], [15, 16, 0.548], [16, 0, 0.031], [16, 1, 0.009], [16, 2, 0.024], [16, 3, 0.056], [16, 4, 0.052], [16, 5, 0.094], [16, 6, 0.225], [16, 7, 0.073], [16, 8, 0.154], [16, 9, -0.057], [16, 10, 0.151], [16, 11, 0.139], [16, 12, 0.202], [16, 13, 0.115], [16, 14, 0.681], [16, 15, 0.548], [16, 16, 1.0]]