[[0, 0, 1.0], [0, 1, 0.84], [0, 2, 0.94], [0, 3, -0.7], [0, 4, -0.67], [0, 5, -0.67], [0, 6, -0.58], [0, 7, -0.59], [0, 8, -0.44], [0, 9, -0.05], [0, 10, -0.61], [0, 11, -0.52], [0, 12, -0.36], [0, 13, -0.14], [0, 14, 0.18], [0, 15, -0.28], [0, 16, -0.23], [1, 0, 0.84], [1, 1, 1.0], [1, 2, 0.97], [1, 3, -0.62], [1, 4, -0.71], [1, 5, -0.58], [1, 6, -0.58], [1, 7, -0.67], [1, 8, -0.28], [1, 9, -0.29], [1, 10, -0.72], [1, 11, -0.45], [1, 12, -0.23], [1, 13, 0.15], [1, 14, 0.48], [1, 15, -0.25], [1, 16, -0.18], [2, 0, 0.94], [2, 1, 0.97], [2, 2, 1.0], [2, 3, -0.64], [2, 4, -0.68], [2, 5, -0.59], [2, 6, -0.57], [2, 7, -0.63], [2, 8, -0.32], [2, 9, -0.17], [2, 10, -0.68], [2, 11, -0.46], [2, 12, -0.25], [2, 13, 0.05], [2, 14, 0.35], [2, 15, -0.26], [2, 16, -0.21], [3, 0, -0.7], [3, 1, -0.62], [3, 2, -0.64], [3, 3, 1.0], [3, 4, 0.85], [3, 5, 0.94], [3, 6, 0.77], [3, 7, 0.87], [3, 8, 0.74], [3, 9, 0.22], [3, 10, 0.82], [3, 11, 0.64], [3, 12, 0.56], [3, 13, 0.03], [3, 14, -0.3], [3, 15, 0.36], [3, 16, 0.15], [4, 0, -0.67], [4, 1, -0.71], [4, 2, -0.68], [4, 3, 0.85], [4, 4, 1.0], [4, 5, 0.83], [4, 6, 0.75], [4, 7, 0.88], [4, 8, 0.63], [4, 9, 0.26], [4, 10, 0.88], [4, 11, 0.58], [4, 12, 0.5], [4, 13, -0.13], [4, 14, -0.47], [4, 15, 0.36], [4, 16, 0.08], [5, 0, -0.67], [5, 1, -0.58], [5, 2, -0.59], [5, 3, 0.94], [5, 4, 0.83], [5, 5, 1.0], [5, 6, 0.71], [5, 7, 0.78], [5, 8, 0.75], [5, 9, 0.28], [5, 10, 0.83], [5, 11, 0.75], [5, 12, 0.72], [5, 13, 0.2], [5, 14, -0.31], [5, 15, 0.22], [5, 16, 0.12], [6, 0, -0.58], [6, 1, -0.58], [6, 2, -0.57], [6, 3, 0.77], [6, 4, 0.75], [6, 5, 0.71], [6, 6, 1.0], [6, 7, 0.83], [6, 8, 0.76], [6, 9, 0.16], [6, 10, 0.75], [6, 11, 0.51], [6, 12, 0.41], [6, 13, -0.18], [6, 14, -0.3], [6, 15, 0.41], [6, 16, 0.17], [7, 0, -0.59], [7, 1, -0.67], [7, 2, -0.63], [7, 3, 0.87], [7, 4, 0.88], [7, 5, 0.78], [7, 6, 0.83], [7, 7, 1.0], [7, 8, 0.67], [7, 9, 0.27], [7, 10, 0.86], [7, 11, 0.5], [7, 12, 0.4], [7, 13, -0.31], [7, 14, -0.52], [7, 15, 0.49], [7, 16, 0.11], [8, 0, -0.44], [8, 1, -0.28], [8, 2, -0.32], [8, 3, 0.74], [8, 4, 0.63], [8, 5, 0.75], [8, 6, 0.76], [8, 7, 0.67], [8, 8, 1.0], [8, 9, -0.1], [8, 10, 0.62], [8, 11, 0.44], [8, 12, 0.58], [8, 13, 0.19], [8, 14, -0.11], [8, 15, 0.18], [8, 16, -0.08], [9, 0, -0.05], [9, 1, -0.29], [9, 2, -0.17], [9, 3, 0.22], [9, 4, 0.26], [9, 5, 0.28], [9, 6, 0.16], [9, 7, 0.27], [9, 8, -0.1], [9, 9, 1.0], [9, 10, 0.32], [9, 11, 0.11], [9, 12, -0.05], [9, 13, -0.33], [9, 14, -0.68], [9, 15, -0.14], [9, 16, -0.04], [10, 0, -0.61], [10, 1, -0.72], [10, 2, -0.68], [10, 3, 0.82], [10, 4, 0.88], [10, 5, 0.83], [10, 6, 0.75], [10, 7, 0.86], [10, 8, 0.62], [10, 9, 0.32], [10, 10, 1.0], [10, 11, 0.74], [10, 12, 0.55], [10, 13, -0.09], [10, 14, -0.49], [10, 15, 0.32], [10, 16, 0.06], [11, 0, -0.52], [11, 1, -0.45], [11, 2, -0.46], [11, 3, 0.64], [11, 4, 0.58], [11, 5, 0.75], [11, 6, 0.51], [11, 7, 0.5], [11, 8, 0.44], [11, 9, 0.11], [11, 10, 0.74], [11, 11, 1.0], [11, 12, 0.71], [11, 13, 0.32], [11, 14, -0.21], [11, 15, 0.21], [11, 16, 0.04], [12, 0, -0.36], [12, 1, -0.23], [12, 2, -0.25], [12, 3, 0.56], [12, 4, 0.5], [12, 5, 0.72], [12, 6, 0.41], [12, 7, 0.4], [12, 8, 0.58], [12, 9, -0.05], [12, 10, 0.55], [12, 11, 0.71], [12, 12, 1.0], [12, 13, 0.42], [12, 14, -0.02], [12, 15, 0.1], [12, 16, -0.12], [13, 0, -0.14], [13, 1, 0.15], [13, 2, 0.05], [13, 3, 0.03], [13, 4, -0.13], [13, 5, 0.2], [13, 6, -0.18], [13, 7, -0.31], [13, 8, 0.19], [13, 9, -0.33], [13, 10, -0.09], [13, 11, 0.32], [13, 12, 0.42], [13, 13, 1.0], [13, 14, 0.5], [13, 15, -0.15], [13, 16, 0.04], [14, 0, 0.18], [14, 1, 0.48], [14, 2, 0.35], [14, 3, -0.3], [14, 4, -0.47], [14, 5, -0.31], [14, 6, -0.3], [14, 7, -0.52], [14, 8, -0.11], [14, 9, -0.68], [14, 10, -0.49], [14, 11, -0.21], [14, 12, -0.02], [14, 13, 0.5], [14, 14, 1.0], [14, 15, -0.07], [14, 16, 0.23], [15, 0, -0.28], [15, 1, -0.25], [15, 2, -0.26], [15, 3, 0.36], [15, 4, 0.36], [15, 5, 0.22], [15, 6, 0.41], [15, 7, 0.49], [15, 8, 0.18], [15, 9, -0.14], [15, 10, 0.32], [15, 11, 0.21], [15, 12, 0.1], [15, 13, -0.15], [15, 14, -0.07], [15, 15, 1.0], [15, 16, 0.54], [16, 0, -0.23], [16, 1, -0.18], [16, 2, -0.21], [16, 3, 0.15], [16, 4, 0.08], [16, 5, 0.12], [16, 6, 0.17], [16, 7, 0.11], [16, 8, -0.08], [16, 9, -0.04], [16, 10, 0.06], [16, 11, 0.04], [16, 12, -0.12], [16, 13, 0.04], [16, 14, 0.23], [16, 15, 0.54], [16, 16, 1.0]]