[[0, 0, 1.0], [0, 1, 0.75], [0, 2, 0.88], [0, 3, 0.44], [0, 4, 0.09], [0, 5, 0.65], [0, 6, 0.55], [0, 7, 0.47], [0, 8, 0.51], [0, 9, 0.04], [0, 10, 0.21], [0, 11, 0.55], [0, 12, 0.25], [0, 13, 0.05], [0, 14, 0.2], [0, 15, -0.13], [0, 16, -0.29], [1, 0, 0.75], [1, 1, 1.0], [1, 2, 0.97], [1, 3, 0.19], [1, 4, -0.18], [1, 5, 0.5], [1, 6, 0.48], [1, 7, 0.13], [1, 8, 0.45], [1, 9, -0.27], [1, 10, 0.12], [1, 11, 0.35], [1, 12, 0.16], [1, 13, 0.16], [1, 14, 0.08], [1, 15, -0.01], [1, 16, -0.23], [2, 0, 0.88], [2, 1, 0.97], [2, 2, 1.0], [2, 3, 0.26], [2, 4, -0.15], [2, 5, 0.56], [2, 6, 0.49], [2, 7, 0.25], [2, 8, 0.49], [2, 9, -0.2], [2, 10, 0.11], [2, 11, 0.37], [2, 12, 0.15], [2, 13, 0.15], [2, 14, 0.11], [2, 15, -0.03], [2, 16, -0.28], [3, 0, 0.44], [3, 1, 0.19], [3, 2, 0.26], [3, 3, 1.0], [3, 4, 0.7], [3, 5, 0.81], [3, 6, 0.75], [3, 7, 0.88], [3, 8, 0.79], [3, 9, 0.57], [3, 10, 0.53], [3, 11, 0.51], [3, 12, 0.1], [3, 13, -0.57], [3, 14, 0.22], [3, 15, -0.3], [3, 16, -0.25], [4, 0, 0.09], [4, 1, -0.18], [4, 2, -0.15], [4, 3, 0.7], [4, 4, 1.0], [4, 5, 0.47], [4, 6, 0.54], [4, 7, 0.66], [4, 8, 0.39], [4, 9, 0.83], [4, 10, 0.52], [4, 11, 0.43], [4, 12, 0.37], [4, 13, -0.48], [4, 14, 0.14], [4, 15, -0.15], [4, 16, -0.19], [5, 0, 0.65], [5, 1, 0.5], [5, 2, 0.56], [5, 3, 0.81], [5, 4, 0.47], [5, 5, 1.0], [5, 6, 0.73], [5, 7, 0.71], [5, 8, 0.86], [5, 9, 0.35], [5, 10, 0.44], [5, 11, 0.64], [5, 12, 0.17], [5, 13, -0.42], [5, 14, 0.35], [5, 15, -0.13], [5, 16, -0.21], [6, 0, 0.55], [6, 1, 0.48], [6, 2, 0.49], [6, 3, 0.75], [6, 4, 0.54], [6, 5, 0.73], [6, 6, 1.0], [6, 7, 0.68], [6, 8, 0.85], [6, 9, 0.51], [6, 10, 0.61], [6, 11, 0.73], [6, 12, 0.27], [6, 13, -0.19], [6, 14, 0.08], [6, 15, -0.32], [6, 16, -0.25], [7, 0, 0.47], [7, 1, 0.13], [7, 2, 0.25], [7, 3, 0.88], [7, 4, 0.66], [7, 5, 0.71], [7, 6, 0.68], [7, 7, 1.0], [7, 8, 0.7], [7, 9, 0.6], [7, 10, 0.61], [7, 11, 0.53], [7, 12, 0.03], [7, 13, -0.41], [7, 14, 0.14], [7, 15, -0.26], [7, 16, -0.38], [8, 0, 0.51], [8, 1, 0.45], [8, 2, 0.49], [8, 3, 0.79], [8, 4, 0.39], [8, 5, 0.86], [8, 6, 0.85], [8, 7, 0.7], [8, 8, 1.0], [8, 9, 0.39], [8, 10, 0.54], [8, 11, 0.6], [8, 12, 0.09], [8, 13, -0.37], [8, 14, 0.28], [8, 15, -0.24], [8, 16, -0.17], [9, 0, 0.04], [9, 1, -0.27], [9, 2, -0.2], [9, 3, 0.57], [9, 4, 0.83], [9, 5, 0.35], [9, 6, 0.51], [9, 7, 0.6], [9, 8, 0.39], [9, 9, 1.0], [9, 10, 0.46], [9, 11, 0.29], [9, 12, 0.04], [9, 13, -0.39], [9, 14, 0.05], [9, 15, -0.31], [9, 16, -0.25], [10, 0, 0.21], [10, 1, 0.12], [10, 2, 0.11], [10, 3, 0.53], [10, 4, 0.52], [10, 5, 0.44], [10, 6, 0.61], [10, 7, 0.61], [10, 8, 0.54], [10, 9, 0.46], [10, 10, 1.0], [10, 11, 0.67], [10, 12, 0.15], [10, 13, -0.24], [10, 14, -0.2], [10, 15, -0.11], [10, 16, -0.15], [11, 0, 0.55], [11, 1, 0.35], [11, 2, 0.37], [11, 3, 0.51], [11, 4, 0.43], [11, 5, 0.64], [11, 6, 0.73], [11, 7, 0.53], [11, 8, 0.6], [11, 9, 0.29], [11, 10, 0.67], [11, 11, 1.0], [11, 12, 0.48], [11, 13, 0.01], [11, 14, 0.27], [11, 15, -0.18], [11, 16, -0.1], [12, 0, 0.25], [12, 1, 0.16], [12, 2, 0.15], [12, 3, 0.1], [12, 4, 0.37], [12, 5, 0.17], [12, 6, 0.27], [12, 7, 0.03], [12, 8, 0.09], [12, 9, 0.04], [12, 10, 0.15], [12, 11, 0.48], [12, 12, 1.0], [12, 13, 0.05], [12, 14, 0.19], [12, 15, -0.01], [12, 16, -0.14], [13, 0, 0.05], [13, 1, 0.16], [13, 2, 0.15], [13, 3, -0.57], [13, 4, -0.48], [13, 5, -0.42], [13, 6, -0.19], [13, 7, -0.41], [13, 8, -0.37], [13, 9, -0.39], [13, 10, -0.24], [13, 11, 0.01], [13, 12, 0.05], [13, 13, 1.0], [13, 14, -0.19], [13, 15, 0.32], [13, 16, 0.15], [14, 0, 0.2], [14, 1, 0.08], [14, 2, 0.11], [14, 3, 0.22], [14, 4, 0.14], [14, 5, 0.35], [14, 6, 0.08], [14, 7, 0.14], [14, 8, 0.28], [14, 9, 0.05], [14, 10, -0.2], [14, 11, 0.27], [14, 12, 0.19], [14, 13, -0.19], [14, 14, 1.0], [14, 15, -0.09], [14, 16, 0.16], [15, 0, -0.13], [15, 1, -0.01], [15, 2, -0.03], [15, 3, -0.3], [15, 4, -0.15], [15, 5, -0.13], [15, 6, -0.32], [15, 7, -0.26], [15, 8, -0.24], [15, 9, -0.31], [15, 10, -0.11], [15, 11, -0.18], [15, 12, -0.01], [15, 13, 0.32], [15, 14, -0.09], [15, 15, 1.0], [15, 16, 0.53], [16, 0, -0.29], [16, 1, -0.23], [16, 2, -0.28], [16, 3, -0.25], [16, 4, -0.19], [16, 5, -0.21], [16, 6, -0.25], [16, 7, -0.38], [16, 8, -0.17], [16, 9, -0.25], [16, 10, -0.15], [16, 11, -0.1], [16, 12, -0.14], [16, 13, 0.15], [16, 14, 0.16], [16, 15, 0.53], [16, 16, 1.0]]