[[0, 0, 1.0], [0, 1, 0.85], [0, 2, 0.94], [0, 3, -0.64], [0, 4, -0.7], [0, 5, -0.64], [0, 6, -0.56], [0, 7, -0.6], [0, 8, -0.4], [0, 9, -0.05], [0, 10, -0.65], [0, 11, -0.54], [0, 12, -0.41], [0, 13, -0.15], [0, 14, 0.26], [0, 15, -0.27], [0, 16, -0.15], [1, 0, 0.85], [1, 1, 1.0], [1, 2, 0.97], [1, 3, -0.57], [1, 4, -0.71], [1, 5, -0.54], [1, 6, -0.54], [1, 7, -0.66], [1, 8, -0.25], [1, 9, -0.27], [1, 10, -0.72], [1, 11, -0.45], [1, 12, -0.32], [1, 13, 0.11], [1, 14, 0.51], [1, 15, -0.25], [1, 16, -0.09], [2, 0, 0.94], [2, 1, 0.97], [2, 2, 1.0], [2, 3, -0.57], [2, 4, -0.69], [2, 5, -0.55], [2, 6, -0.53], [2, 7, -0.62], [2, 8, -0.27], [2, 9, -0.14], [2, 10, -0.68], [2, 11, -0.47], [2, 12, -0.33], [2, 13, 0.01], [2, 14, 0.4], [2, 15, -0.25], [2, 16, -0.12], [3, 0, -0.64], [3, 1, -0.57], [3, 2, -0.57], [3, 3, 1.0], [3, 4, 0.85], [3, 5, 0.92], [3, 6, 0.76], [3, 7, 0.87], [3, 8, 0.76], [3, 9, 0.29], [3, 10, 0.78], [3, 11, 0.66], [3, 12, 0.64], [3, 13, -0.09], [3, 14, -0.22], [3, 15, 0.38], [3, 16, 0.15], [4, 0, -0.7], [4, 1, -0.71], [4, 2, -0.69], [4, 3, 0.85], [4, 4, 1.0], [4, 5, 0.82], [4, 6, 0.75], [4, 7, 0.87], [4, 8, 0.68], [4, 9, 0.27], [4, 10, 0.84], [4, 11, 0.58], [4, 12, 0.67], [4, 13, -0.17], [4, 14, -0.44], [4, 15, 0.42], [4, 16, 0.07], [5, 0, -0.64], [5, 1, -0.54], [5, 2, -0.55], [5, 3, 0.92], [5, 4, 0.82], [5, 5, 1.0], [5, 6, 0.72], [5, 7, 0.78], [5, 8, 0.8], [5, 9, 0.32], [5, 10, 0.81], [5, 11, 0.75], [5, 12, 0.8], [5, 13, 0.1], [5, 14, -0.26], [5, 15, 0.25], [5, 16, 0.18], [6, 0, -0.56], [6, 1, -0.54], [6, 2, -0.53], [6, 3, 0.76], [6, 4, 0.75], [6, 5, 0.72], [6, 6, 1.0], [6, 7, 0.79], [6, 8, 0.74], [6, 9, 0.17], [6, 10, 0.67], [6, 11, 0.54], [6, 12, 0.74], [6, 13, -0.12], [6, 14, -0.23], [6, 15, 0.38], [6, 16, 0.11], [7, 0, -0.6], [7, 1, -0.66], [7, 2, -0.62], [7, 3, 0.87], [7, 4, 0.87], [7, 5, 0.78], [7, 6, 0.79], [7, 7, 1.0], [7, 8, 0.67], [7, 9, 0.3], [7, 10, 0.84], [7, 11, 0.56], [7, 12, 0.59], [7, 13, -0.35], [7, 14, -0.49], [7, 15, 0.51], [7, 16, 0.0], [8, 0, -0.4], [8, 1, -0.25], [8, 2, -0.27], [8, 3, 0.76], [8, 4, 0.68], [8, 5, 0.8], [8, 6, 0.74], [8, 7, 0.67], [8, 8, 1.0], [8, 9, -0.04], [8, 10, 0.63], [8, 11, 0.55], [8, 12, 0.83], [8, 13, 0.17], [8, 14, -0.07], [8, 15, 0.15], [8, 16, -0.19], [9, 0, -0.05], [9, 1, -0.27], [9, 2, -0.14], [9, 3, 0.29], [9, 4, 0.27], [9, 5, 0.32], [9, 6, 0.17], [9, 7, 0.3], [9, 8, -0.04], [9, 9, 1.0], [9, 10, 0.29], [9, 11, 0.12], [9, 12, 0.04], [9, 13, -0.32], [9, 14, -0.53], [9, 15, -0.1], [9, 16, 0.0], [10, 0, -0.65], [10, 1, -0.72], [10, 2, -0.68], [10, 3, 0.78], [10, 4, 0.84], [10, 5, 0.81], [10, 6, 0.67], [10, 7, 0.84], [10, 8, 0.63], [10, 9, 0.29], [10, 10, 1.0], [10, 11, 0.78], [10, 12, 0.69], [10, 13, -0.07], [10, 14, -0.47], [10, 15, 0.36], [10, 16, -0.0], [11, 0, -0.54], [11, 1, -0.45], [11, 2, -0.47], [11, 3, 0.66], [11, 4, 0.58], [11, 5, 0.75], [11, 6, 0.54], [11, 7, 0.56], [11, 8, 0.55], [11, 9, 0.12], [11, 10, 0.78], [11, 11, 1.0], [11, 12, 0.68], [11, 13, 0.26], [11, 14, -0.15], [11, 15, 0.32], [11, 16, 0.23], [12, 0, -0.41], [12, 1, -0.32], [12, 2, -0.33], [12, 3, 0.64], [12, 4, 0.67], [12, 5, 0.8], [12, 6, 0.74], [12, 7, 0.59], [12, 8, 0.83], [12, 9, 0.04], [12, 10, 0.69], [12, 11, 0.68], [12, 12, 1.0], [12, 13, 0.16], [12, 14, -0.14], [12, 15, 0.23], [12, 16, 0.1], [13, 0, -0.15], [13, 1, 0.11], [13, 2, 0.01], [13, 3, -0.09], [13, 4, -0.17], [13, 5, 0.1], [13, 6, -0.12], [13, 7, -0.35], [13, 8, 0.17], [13, 9, -0.32], [13, 10, -0.07], [13, 11, 0.26], [13, 12, 0.16], [13, 13, 1.0], [13, 14, 0.3], [13, 15, -0.17], [13, 16, -0.0], [14, 0, 0.26], [14, 1, 0.51], [14, 2, 0.4], [14, 3, -0.22], [14, 4, -0.44], [14, 5, -0.26], [14, 6, -0.23], [14, 7, -0.49], [14, 8, -0.07], [14, 9, -0.53], [14, 10, -0.47], [14, 11, -0.15], [14, 12, -0.14], [14, 13, 0.3], [14, 14, 1.0], [14, 15, -0.08], [14, 16, 0.31], [15, 0, -0.27], [15, 1, -0.25], [15, 2, -0.25], [15, 3, 0.38], [15, 4, 0.42], [15, 5, 0.25], [15, 6, 0.38], [15, 7, 0.51], [15, 8, 0.15], [15, 9, -0.1], [15, 10, 0.36], [15, 11, 0.32], [15, 12, 0.23], [15, 13, -0.17], [15, 14, -0.08], [15, 15, 1.0], [15, 16, 0.45], [16, 0, -0.15], [16, 1, -0.09], [16, 2, -0.12], [16, 3, 0.15], [16, 4, 0.07], [16, 5, 0.18], [16, 6, 0.11], [16, 7, 0.0], [16, 8, -0.19], [16, 9, 0.0], [16, 10, -0.0], [16, 11, 0.23], [16, 12, 0.1], [16, 13, -0.0], [16, 14, 0.31], [16, 15, 0.45], [16, 16, 1.0]]