[[0, 0, 1.0], [0, 1, 0.95], [0, 2, 0.99], [0, 3, 0.38], [0, 4, 0.02], [0, 5, 0.58], [0, 6, 0.37], [0, 7, 0.16], [0, 8, 0.78], [0, 9, -0.51], [0, 10, 0.77], [0, 11, 0.8], [0, 12, 0.82], [0, 13, 0.81], [0, 14, 0.74], [0, 15, 0.18], [0, 16, 0.27], [1, 0, 0.95], [1, 1, 1.0], [1, 2, 0.98], [1, 3, 0.34], [1, 4, -0.01], [1, 5, 0.5], [1, 6, 0.37], [1, 7, 0.15], [1, 8, 0.74], [1, 9, -0.53], [1, 10, 0.69], [1, 11, 0.73], [1, 12, 0.73], [1, 13, 0.7], [1, 14, 0.72], [1, 15, 0.2], [1, 16, 0.35], [2, 0, 0.99], [2, 1, 0.98], [2, 2, 1.0], [2, 3, 0.35], [2, 4, -0.03], [2, 5, 0.54], [2, 6, 0.35], [2, 7, 0.13], [2, 8, 0.76], [2, 9, -0.52], [2, 10, 0.73], [2, 11, 0.81], [2, 12, 0.79], [2, 13, 0.78], [2, 14, 0.74], [2, 15, 0.21], [2, 16, 0.29], [3, 0, 0.38], [3, 1, 0.34], [3, 2, 0.35], [3, 3, 1.0], [3, 4, 0.73], [3, 5, 0.78], [3, 6, 0.88], [3, 7, 0.91], [3, 8, 0.75], [3, 9, -0.15], [3, 10, 0.62], [3, 11, 0.21], [3, 12, 0.35], [3, 13, -0.0], [3, 14, 0.47], [3, 15, 0.07], [3, 16, 0.29], [4, 0, 0.02], [4, 1, -0.01], [4, 2, -0.03], [4, 3, 0.73], [4, 4, 1.0], [4, 5, 0.66], [4, 6, 0.69], [4, 7, 0.74], [4, 8, 0.52], [4, 9, 0.26], [4, 10, 0.32], [4, 11, -0.09], [4, 12, 0.27], [4, 13, -0.23], [4, 14, 0.22], [4, 15, 0.13], [4, 16, 0.25], [5, 0, 0.58], [5, 1, 0.5], [5, 2, 0.54], [5, 3, 0.78], [5, 4, 0.66], [5, 5, 1.0], [5, 6, 0.67], [5, 7, 0.58], [5, 8, 0.88], [5, 9, 0.03], [5, 10, 0.68], [5, 11, 0.44], [5, 12, 0.66], [5, 13, 0.29], [5, 14, 0.57], [5, 15, 0.05], [5, 16, 0.1], [6, 0, 0.37], [6, 1, 0.37], [6, 2, 0.35], [6, 3, 0.88], [6, 4, 0.69], [6, 5, 0.67], [6, 6, 1.0], [6, 7, 0.84], [6, 8, 0.76], [6, 9, -0.11], [6, 10, 0.43], [6, 11, 0.14], [6, 12, 0.38], [6, 13, 0.02], [6, 14, 0.46], [6, 15, 0.01], [6, 16, 0.25], [7, 0, 0.16], [7, 1, 0.15], [7, 2, 0.13], [7, 3, 0.91], [7, 4, 0.74], [7, 5, 0.58], [7, 6, 0.84], [7, 7, 1.0], [7, 8, 0.55], [7, 9, -0.15], [7, 10, 0.42], [7, 11, -0.02], [7, 12, 0.12], [7, 13, -0.29], [7, 14, 0.33], [7, 15, 0.01], [7, 16, 0.34], [8, 0, 0.78], [8, 1, 0.74], [8, 2, 0.76], [8, 3, 0.75], [8, 4, 0.52], [8, 5, 0.88], [8, 6, 0.76], [8, 7, 0.55], [8, 8, 1.0], [8, 9, -0.24], [8, 10, 0.77], [8, 11, 0.62], [8, 12, 0.75], [8, 13, 0.47], [8, 14, 0.77], [8, 15, 0.12], [8, 16, 0.24], [9, 0, -0.51], [9, 1, -0.53], [9, 2, -0.52], [9, 3, -0.15], [9, 4, 0.26], [9, 5, 0.03], [9, 6, -0.11], [9, 7, -0.15], [9, 8, -0.24], [9, 9, 1.0], [9, 10, -0.4], [9, 11, -0.57], [9, 12, -0.19], [9, 13, -0.41], [9, 14, -0.41], [9, 15, -0.39], [9, 16, -0.34], [10, 0, 0.77], [10, 1, 0.69], [10, 2, 0.73], [10, 3, 0.62], [10, 4, 0.32], [10, 5, 0.68], [10, 6, 0.43], [10, 7, 0.42], [10, 8, 0.77], [10, 9, -0.4], [10, 10, 1.0], [10, 11, 0.67], [10, 12, 0.68], [10, 13, 0.54], [10, 14, 0.74], [10, 15, 0.17], [10, 16, 0.44], [11, 0, 0.8], [11, 1, 0.73], [11, 2, 0.81], [11, 3, 0.21], [11, 4, -0.09], [11, 5, 0.44], [11, 6, 0.14], [11, 7, -0.02], [11, 8, 0.62], [11, 9, -0.57], [11, 10, 0.67], [11, 11, 1.0], [11, 12, 0.73], [11, 13, 0.77], [11, 14, 0.76], [11, 15, 0.3], [11, 16, 0.09], [12, 0, 0.82], [12, 1, 0.73], [12, 2, 0.79], [12, 3, 0.35], [12, 4, 0.27], [12, 5, 0.66], [12, 6, 0.38], [12, 7, 0.12], [12, 8, 0.75], [12, 9, -0.19], [12, 10, 0.68], [12, 11, 0.73], [12, 12, 1.0], [12, 13, 0.72], [12, 14, 0.64], [12, 15, 0.12], [12, 16, 0.07], [13, 0, 0.81], [13, 1, 0.7], [13, 2, 0.78], [13, 3, -0.0], [13, 4, -0.23], [13, 5, 0.29], [13, 6, 0.02], [13, 7, -0.29], [13, 8, 0.47], [13, 9, -0.41], [13, 10, 0.54], [13, 11, 0.77], [13, 12, 0.72], [13, 13, 1.0], [13, 14, 0.55], [13, 15, 0.22], [13, 16, 0.05], [14, 0, 0.74], [14, 1, 0.72], [14, 2, 0.74], [14, 3, 0.47], [14, 4, 0.22], [14, 5, 0.57], [14, 6, 0.46], [14, 7, 0.33], [14, 8, 0.77], [14, 9, -0.41], [14, 10, 0.74], [14, 11, 0.76], [14, 12, 0.64], [14, 13, 0.55], [14, 14, 1.0], [14, 15, 0.23], [14, 16, 0.44], [15, 0, 0.18], [15, 1, 0.2], [15, 2, 0.21], [15, 3, 0.07], [15, 4, 0.13], [15, 5, 0.05], [15, 6, 0.01], [15, 7, 0.01], [15, 8, 0.12], [15, 9, -0.39], [15, 10, 0.17], [15, 11, 0.3], [15, 12, 0.12], [15, 13, 0.22], [15, 14, 0.23], [15, 15, 1.0], [15, 16, 0.44], [16, 0, 0.27], [16, 1, 0.35], [16, 2, 0.29], [16, 3, 0.29], [16, 4, 0.25], [16, 5, 0.1], [16, 6, 0.25], [16, 7, 0.34], [16, 8, 0.24], [16, 9, -0.34], [16, 10, 0.44], [16, 11, 0.09], [16, 12, 0.07], [16, 13, 0.05], [16, 14, 0.44], [16, 15, 0.44], [16, 16, 1.0]]