[[0, 0, 1.0], [0, 1, 0.89], [0, 2, 0.97], [0, 3, 0.58], [0, 4, -0.11], [0, 5, 0.8], [0, 6, 0.61], [0, 7, 0.41], [0, 8, 0.45], [0, 9, -0.3], [0, 10, -0.63], [0, 11, -0.43], [0, 12, 0.01], [0, 13, -0.47], [0, 14, -0.52], [0, 15, -0.29], [0, 16, -0.42], [1, 0, 0.89], [1, 1, 1.0], [1, 2, 0.97], [1, 3, 0.55], [1, 4, -0.18], [1, 5, 0.78], [1, 6, 0.55], [1, 7, 0.38], [1, 8, 0.5], [1, 9, -0.14], [1, 10, -0.54], [1, 11, -0.34], [1, 12, 0.05], [1, 13, -0.44], [1, 14, -0.42], [1, 15, -0.41], [1, 16, -0.47], [2, 0, 0.97], [2, 1, 0.97], [2, 2, 1.0], [2, 3, 0.56], [2, 4, -0.11], [2, 5, 0.81], [2, 6, 0.63], [2, 7, 0.43], [2, 8, 0.53], [2, 9, -0.25], [2, 10, -0.6], [2, 11, -0.38], [2, 12, 0.07], [2, 13, -0.44], [2, 14, -0.45], [2, 15, -0.35], [2, 16, -0.42], [3, 0, 0.58], [3, 1, 0.55], [3, 2, 0.56], [3, 3, 1.0], [3, 4, -0.2], [3, 5, 0.71], [3, 6, 0.25], [3, 7, 0.28], [3, 8, 0.14], [3, 9, -0.43], [3, 10, -0.43], [3, 11, -0.35], [3, 12, -0.39], [3, 13, -0.46], [3, 14, -0.2], [3, 15, -0.42], [3, 16, -0.49], [4, 0, -0.11], [4, 1, -0.18], [4, 2, -0.11], [4, 3, -0.2], [4, 4, 1.0], [4, 5, -0.16], [4, 6, 0.05], [4, 7, 0.27], [4, 8, 0.32], [4, 9, 0.27], [4, 10, 0.29], [4, 11, 0.31], [4, 12, 0.39], [4, 13, 0.27], [4, 14, 0.44], [4, 15, 0.29], [4, 16, 0.43], [5, 0, 0.8], [5, 1, 0.78], [5, 2, 0.81], [5, 3, 0.71], [5, 4, -0.16], [5, 5, 1.0], [5, 6, 0.55], [5, 7, 0.48], [5, 8, 0.46], [5, 9, -0.43], [5, 10, -0.53], [5, 11, -0.42], [5, 12, -0.1], [5, 13, -0.26], [5, 14, -0.17], [5, 15, -0.26], [5, 16, -0.47], [6, 0, 0.61], [6, 1, 0.55], [6, 2, 0.63], [6, 3, 0.25], [6, 4, 0.05], [6, 5, 0.55], [6, 6, 1.0], [6, 7, 0.43], [6, 8, 0.66], [6, 9, -0.24], [6, 10, -0.41], [6, 11, -0.21], [6, 12, 0.14], [6, 13, -0.04], [6, 14, -0.16], [6, 15, -0.26], [6, 16, -0.04], [7, 0, 0.41], [7, 1, 0.38], [7, 2, 0.43], [7, 3, 0.28], [7, 4, 0.27], [7, 5, 0.48], [7, 6, 0.43], [7, 7, 1.0], [7, 8, 0.65], [7, 9, 0.27], [7, 10, -0.07], [7, 11, -0.02], [7, 12, 0.37], [7, 13, 0.08], [7, 14, 0.09], [7, 15, -0.14], [7, 16, -0.03], [8, 0, 0.45], [8, 1, 0.5], [8, 2, 0.53], [8, 3, 0.14], [8, 4, 0.32], [8, 5, 0.46], [8, 6, 0.66], [8, 7, 0.65], [8, 8, 1.0], [8, 9, 0.2], [8, 10, 0.0], [8, 11, 0.06], [8, 12, 0.53], [8, 13, 0.13], [8, 14, 0.01], [8, 15, -0.16], [8, 16, 0.06], [9, 0, -0.3], [9, 1, -0.14], [9, 2, -0.25], [9, 3, -0.43], [9, 4, 0.27], [9, 5, -0.43], [9, 6, -0.24], [9, 7, 0.27], [9, 8, 0.2], [9, 9, 1.0], [9, 10, 0.4], [9, 11, 0.38], [9, 12, 0.56], [9, 13, 0.17], [9, 14, 0.17], [9, 15, 0.1], [9, 16, 0.33], [10, 0, -0.63], [10, 1, -0.54], [10, 2, -0.6], [10, 3, -0.43], [10, 4, 0.29], [10, 5, -0.53], [10, 6, -0.41], [10, 7, -0.07], [10, 8, 0.0], [10, 9, 0.4], [10, 10, 1.0], [10, 11, 0.9], [10, 12, 0.35], [10, 13, 0.65], [10, 14, 0.63], [10, 15, 0.32], [10, 16, 0.57], [11, 0, -0.43], [11, 1, -0.34], [11, 2, -0.38], [11, 3, -0.35], [11, 4, 0.31], [11, 5, -0.42], [11, 6, -0.21], [11, 7, -0.02], [11, 8, 0.06], [11, 9, 0.38], [11, 10, 0.9], [11, 11, 1.0], [11, 12, 0.46], [11, 13, 0.62], [11, 14, 0.64], [11, 15, 0.27], [11, 16, 0.67], [12, 0, 0.01], [12, 1, 0.05], [12, 2, 0.07], [12, 3, -0.39], [12, 4, 0.39], [12, 5, -0.1], [12, 6, 0.14], [12, 7, 0.37], [12, 8, 0.53], [12, 9, 0.56], [12, 10, 0.35], [12, 11, 0.46], [12, 12, 1.0], [12, 13, 0.43], [12, 14, 0.26], [12, 15, 0.09], [12, 16, 0.49], [13, 0, -0.47], [13, 1, -0.44], [13, 2, -0.44], [13, 3, -0.46], [13, 4, 0.27], [13, 5, -0.26], [13, 6, -0.04], [13, 7, 0.08], [13, 8, 0.13], [13, 9, 0.17], [13, 10, 0.65], [13, 11, 0.62], [13, 12, 0.43], [13, 13, 1.0], [13, 14, 0.55], [13, 15, 0.55], [13, 16, 0.49], [14, 0, -0.52], [14, 1, -0.42], [14, 2, -0.45], [14, 3, -0.2], [14, 4, 0.44], [14, 5, -0.17], [14, 6, -0.16], [14, 7, 0.09], [14, 8, 0.01], [14, 9, 0.17], [14, 10, 0.63], [14, 11, 0.64], [14, 12, 0.26], [14, 13, 0.55], [14, 14, 1.0], [14, 15, 0.17], [14, 16, 0.63], [15, 0, -0.29], [15, 1, -0.41], [15, 2, -0.35], [15, 3, -0.42], [15, 4, 0.29], [15, 5, -0.26], [15, 6, -0.26], [15, 7, -0.14], [15, 8, -0.16], [15, 9, 0.1], [15, 10, 0.32], [15, 11, 0.27], [15, 12, 0.09], [15, 13, 0.55], [15, 14, 0.17], [15, 15, 1.0], [15, 16, 0.47], [16, 0, -0.42], [16, 1, -0.47], [16, 2, -0.42], [16, 3, -0.49], [16, 4, 0.43], [16, 5, -0.47], [16, 6, -0.04], [16, 7, -0.03], [16, 8, 0.06], [16, 9, 0.33], [16, 10, 0.57], [16, 11, 0.67], [16, 12, 0.49], [16, 13, 0.49], [16, 14, 0.63], [16, 15, 0.47], [16, 16, 1.0]]