[[0, 0, 1.0], [0, 1, 0.66], [0, 2, 0.84], [0, 3, -0.02], [0, 4, NaN], [0, 5, 0.29], [0, 6, -0.08], [0, 7, -0.09], [0, 8, 0.24], [0, 9, -0.47], [0, 10, 0.21], [0, 11, 0.39], [0, 12, 0.16], [0, 13, 0.02], [0, 14, -0.35], [0, 15, -0.55], [0, 16, -0.56], [1, 0, 0.66], [1, 1, 1.0], [1, 2, 0.95], [1, 3, 0.25], [1, 4, NaN], [1, 5, 0.47], [1, 6, 0.17], [1, 7, 0.21], [1, 8, 0.41], [1, 9, -0.53], [1, 10, 0.15], [1, 11, 0.26], [1, 12, 0.2], [1, 13, 0.1], [1, 14, -0.7], [1, 15, -0.35], [1, 16, -0.64], [2, 0, 0.84], [2, 1, 0.95], [2, 2, 1.0], [2, 3, 0.24], [2, 4, NaN], [2, 5, 0.47], [2, 6, 0.13], [2, 7, 0.17], [2, 8, 0.42], [2, 9, -0.58], [2, 10, 0.18], [2, 11, 0.33], [2, 12, 0.15], [2, 13, 0.16], [2, 14, -0.56], [2, 15, -0.48], [2, 16, -0.72], [3, 0, -0.02], [3, 1, 0.25], [3, 2, 0.24], [3, 3, 1.0], [3, 4, NaN], [3, 5, 0.81], [3, 6, 0.68], [3, 7, 0.96], [3, 8, 0.71], [3, 9, 0.1], [3, 10, 0.26], [3, 11, 0.19], [3, 12, 0.01], [3, 13, 0.22], [3, 14, -0.22], [3, 15, -0.21], [3, 16, -0.14], [4, 0, NaN], [4, 1, NaN], [4, 2, NaN], [4, 3, NaN], [4, 4, NaN], [4, 5, NaN], [4, 6, NaN], [4, 7, NaN], [4, 8, NaN], [4, 9, NaN], [4, 10, NaN], [4, 11, NaN], [4, 12, NaN], [4, 13, NaN], [4, 14, NaN], [4, 15, NaN], [4, 16, NaN], [5, 0, 0.29], [5, 1, 0.47], [5, 2, 0.47], [5, 3, 0.81], [5, 4, NaN], [5, 5, 1.0], [5, 6, 0.62], [5, 7, 0.82], [5, 8, 0.75], [5, 9, -0.14], [5, 10, 0.46], [5, 11, 0.37], [5, 12, 0.21], [5, 13, 0.27], [5, 14, -0.52], [5, 15, -0.2], [5, 16, -0.18], [6, 0, -0.08], [6, 1, 0.17], [6, 2, 0.13], [6, 3, 0.68], [6, 4, NaN], [6, 5, 0.62], [6, 6, 1.0], [6, 7, 0.71], [6, 8, 0.74], [6, 9, 0.03], [6, 10, 0.51], [6, 11, 0.21], [6, 12, 0.38], [6, 13, 0.49], [6, 14, -0.08], [6, 15, 0.2], [6, 16, 0.12], [7, 0, -0.09], [7, 1, 0.21], [7, 2, 0.17], [7, 3, 0.96], [7, 4, NaN], [7, 5, 0.82], [7, 6, 0.71], [7, 7, 1.0], [7, 8, 0.66], [7, 9, 0.16], [7, 10, 0.37], [7, 11, 0.22], [7, 12, 0.15], [7, 13, 0.3], [7, 14, -0.25], [7, 15, -0.1], [7, 16, 0.01], [8, 0, 0.24], [8, 1, 0.41], [8, 2, 0.42], [8, 3, 0.71], [8, 4, NaN], [8, 5, 0.75], [8, 6, 0.74], [8, 7, 0.66], [8, 8, 1.0], [8, 9, -0.4], [8, 10, 0.54], [8, 11, 0.42], [8, 12, 0.36], [8, 13, 0.31], [8, 14, -0.35], [8, 15, -0.03], [8, 16, -0.22], [9, 0, -0.47], [9, 1, -0.53], [9, 2, -0.58], [9, 3, 0.1], [9, 4, NaN], [9, 5, -0.14], [9, 6, 0.03], [9, 7, 0.16], [9, 8, -0.4], [9, 9, 1.0], [9, 10, -0.24], [9, 11, -0.35], [9, 12, -0.17], [9, 13, -0.28], [9, 14, 0.33], [9, 15, 0.18], [9, 16, 0.51], [10, 0, 0.21], [10, 1, 0.15], [10, 2, 0.18], [10, 3, 0.26], [10, 4, NaN], [10, 5, 0.46], [10, 6, 0.51], [10, 7, 0.37], [10, 8, 0.54], [10, 9, -0.24], [10, 10, 1.0], [10, 11, 0.79], [10, 12, 0.88], [10, 13, 0.64], [10, 14, -0.39], [10, 15, 0.16], [10, 16, 0.25], [11, 0, 0.39], [11, 1, 0.26], [11, 2, 0.33], [11, 3, 0.19], [11, 4, NaN], [11, 5, 0.37], [11, 6, 0.21], [11, 7, 0.22], [11, 8, 0.42], [11, 9, -0.35], [11, 10, 0.79], [11, 11, 1.0], [11, 12, 0.71], [11, 13, 0.53], [11, 14, -0.57], [11, 15, -0.07], [11, 16, -0.04], [12, 0, 0.16], [12, 1, 0.2], [12, 2, 0.15], [12, 3, 0.01], [12, 4, NaN], [12, 5, 0.21], [12, 6, 0.38], [12, 7, 0.15], [12, 8, 0.36], [12, 9, -0.17], [12, 10, 0.88], [12, 11, 0.71], [12, 12, 1.0], [12, 13, 0.47], [12, 14, -0.48], [12, 15, 0.28], [12, 16, 0.28], [13, 0, 0.02], [13, 1, 0.1], [13, 2, 0.16], [13, 3, 0.22], [13, 4, NaN], [13, 5, 0.27], [13, 6, 0.49], [13, 7, 0.3], [13, 8, 0.31], [13, 9, -0.28], [13, 10, 0.64], [13, 11, 0.53], [13, 12, 0.47], [13, 13, 1.0], [13, 14, -0.04], [13, 15, 0.27], [13, 16, 0.02], [14, 0, -0.35], [14, 1, -0.7], [14, 2, -0.56], [14, 3, -0.22], [14, 4, NaN], [14, 5, -0.52], [14, 6, -0.08], [14, 7, -0.25], [14, 8, -0.35], [14, 9, 0.33], [14, 10, -0.39], [14, 11, -0.57], [14, 12, -0.48], [14, 13, -0.04], [14, 14, 1.0], [14, 15, 0.19], [14, 16, 0.29], [15, 0, -0.55], [15, 1, -0.35], [15, 2, -0.48], [15, 3, -0.21], [15, 4, NaN], [15, 5, -0.2], [15, 6, 0.2], [15, 7, -0.1], [15, 8, -0.03], [15, 9, 0.18], [15, 10, 0.16], [15, 11, -0.07], [15, 12, 0.28], [15, 13, 0.27], [15, 14, 0.19], [15, 15, 1.0], [15, 16, 0.67], [16, 0, -0.56], [16, 1, -0.64], [16, 2, -0.72], [16, 3, -0.14], [16, 4, NaN], [16, 5, -0.18], [16, 6, 0.12], [16, 7, 0.01], [16, 8, -0.22], [16, 9, 0.51], [16, 10, 0.25], [16, 11, -0.04], [16, 12, 0.28], [16, 13, 0.02], [16, 14, 0.29], [16, 15, 0.67], [16, 16, 1.0]]