[[0, 0, 1.0], [0, 1, 0.33], [0, 2, 0.9], [0, 3, 0.43], [0, 4, -0.15], [0, 5, 0.56], [0, 6, 0.6], [0, 7, 0.47], [0, 8, 0.6], [0, 9, -0.09], [0, 10, 0.32], [0, 11, 0.19], [0, 12, 0.26], [0, 13, 0.48], [0, 14, 0.14], [0, 15, -0.19], [0, 16, -0.09], [1, 0, 0.33], [1, 1, 1.0], [1, 2, 0.64], [1, 3, 0.16], [1, 4, 0.36], [1, 5, 0.53], [1, 6, 0.41], [1, 7, 0.07], [1, 8, 0.4], [1, 9, 0.31], [1, 10, -0.31], [1, 11, -0.29], [1, 12, -0.04], [1, 13, -0.47], [1, 14, -0.18], [1, 15, -0.39], [1, 16, -0.39], [2, 0, 0.9], [2, 1, 0.64], [2, 2, 1.0], [2, 3, 0.47], [2, 4, -0.02], [2, 5, 0.71], [2, 6, 0.65], [2, 7, 0.48], [2, 8, 0.64], [2, 9, 0.01], [2, 10, 0.19], [2, 11, 0.07], [2, 12, 0.19], [2, 13, 0.27], [2, 14, -0.02], [2, 15, -0.38], [2, 16, -0.26], [3, 0, 0.43], [3, 1, 0.16], [3, 2, 0.47], [3, 3, 1.0], [3, 4, 0.11], [3, 5, 0.68], [3, 6, 0.71], [3, 7, 0.91], [3, 8, 0.79], [3, 9, 0.12], [3, 10, 0.53], [3, 11, 0.43], [3, 12, 0.2], [3, 13, 0.3], [3, 14, 0.35], [3, 15, -0.16], [3, 16, -0.13], [4, 0, -0.15], [4, 1, 0.36], [4, 2, -0.02], [4, 3, 0.11], [4, 4, 1.0], [4, 5, 0.17], [4, 6, 0.1], [4, 7, 0.16], [4, 8, 0.16], [4, 9, 0.46], [4, 10, -0.25], [4, 11, -0.18], [4, 12, -0.35], [4, 13, -0.45], [4, 14, -0.02], [4, 15, -0.28], [4, 16, 0.09], [5, 0, 0.56], [5, 1, 0.53], [5, 2, 0.71], [5, 3, 0.68], [5, 4, 0.17], [5, 5, 1.0], [5, 6, 0.81], [5, 7, 0.69], [5, 8, 0.84], [5, 9, 0.11], [5, 10, 0.41], [5, 11, 0.28], [5, 12, 0.29], [5, 13, 0.16], [5, 14, 0.13], [5, 15, -0.12], [5, 16, -0.16], [6, 0, 0.6], [6, 1, 0.41], [6, 2, 0.65], [6, 3, 0.71], [6, 4, 0.1], [6, 5, 0.81], [6, 6, 1.0], [6, 7, 0.71], [6, 8, 0.94], [6, 9, 0.13], [6, 10, 0.49], [6, 11, 0.44], [6, 12, 0.38], [6, 13, 0.13], [6, 14, 0.19], [6, 15, -0.11], [6, 16, -0.19], [7, 0, 0.47], [7, 1, 0.07], [7, 2, 0.48], [7, 3, 0.91], [7, 4, 0.16], [7, 5, 0.69], [7, 6, 0.71], [7, 7, 1.0], [7, 8, 0.78], [7, 9, 0.13], [7, 10, 0.63], [7, 11, 0.55], [7, 12, 0.28], [7, 13, 0.42], [7, 14, 0.32], [7, 15, -0.16], [7, 16, -0.01], [8, 0, 0.6], [8, 1, 0.4], [8, 2, 0.64], [8, 3, 0.79], [8, 4, 0.16], [8, 5, 0.84], [8, 6, 0.94], [8, 7, 0.78], [8, 8, 1.0], [8, 9, 0.15], [8, 10, 0.49], [8, 11, 0.42], [8, 12, 0.34], [8, 13, 0.14], [8, 14, 0.21], [8, 15, -0.12], [8, 16, -0.15], [9, 0, -0.09], [9, 1, 0.31], [9, 2, 0.01], [9, 3, 0.12], [9, 4, 0.46], [9, 5, 0.11], [9, 6, 0.13], [9, 7, 0.13], [9, 8, 0.15], [9, 9, 1.0], [9, 10, -0.18], [9, 11, -0.11], [9, 12, -0.2], [9, 13, -0.3], [9, 14, 0.57], [9, 15, 0.21], [9, 16, 0.38], [10, 0, 0.32], [10, 1, -0.31], [10, 2, 0.19], [10, 3, 0.53], [10, 4, -0.25], [10, 5, 0.41], [10, 6, 0.49], [10, 7, 0.63], [10, 8, 0.49], [10, 9, -0.18], [10, 10, 1.0], [10, 11, 0.93], [10, 12, 0.65], [10, 13, 0.44], [10, 14, 0.44], [10, 15, 0.42], [10, 16, 0.42], [11, 0, 0.19], [11, 1, -0.29], [11, 2, 0.07], [11, 3, 0.43], [11, 4, -0.18], [11, 5, 0.28], [11, 6, 0.44], [11, 7, 0.55], [11, 8, 0.42], [11, 9, -0.11], [11, 10, 0.93], [11, 11, 1.0], [11, 12, 0.72], [11, 13, 0.26], [11, 14, 0.45], [11, 15, 0.49], [11, 16, 0.41], [12, 0, 0.26], [12, 1, -0.04], [12, 2, 0.19], [12, 3, 0.2], [12, 4, -0.35], [12, 5, 0.29], [12, 6, 0.38], [12, 7, 0.28], [12, 8, 0.34], [12, 9, -0.2], [12, 10, 0.65], [12, 11, 0.72], [12, 12, 1.0], [12, 13, 0.07], [12, 14, 0.2], [12, 15, 0.42], [12, 16, 0.17], [13, 0, 0.48], [13, 1, -0.47], [13, 2, 0.27], [13, 3, 0.3], [13, 4, -0.45], [13, 5, 0.16], [13, 6, 0.13], [13, 7, 0.42], [13, 8, 0.14], [13, 9, -0.3], [13, 10, 0.44], [13, 11, 0.26], [13, 12, 0.07], [13, 13, 1.0], [13, 14, 0.2], [13, 15, 0.03], [13, 16, 0.07], [14, 0, 0.14], [14, 1, -0.18], [14, 2, -0.02], [14, 3, 0.35], [14, 4, -0.02], [14, 5, 0.13], [14, 6, 0.19], [14, 7, 0.32], [14, 8, 0.21], [14, 9, 0.57], [14, 10, 0.44], [14, 11, 0.45], [14, 12, 0.2], [14, 13, 0.2], [14, 14, 1.0], [14, 15, 0.69], [14, 16, 0.62], [15, 0, -0.19], [15, 1, -0.39], [15, 2, -0.38], [15, 3, -0.16], [15, 4, -0.28], [15, 5, -0.12], [15, 6, -0.11], [15, 7, -0.16], [15, 8, -0.12], [15, 9, 0.21], [15, 10, 0.42], [15, 11, 0.49], [15, 12, 0.42], [15, 13, 0.03], [15, 14, 0.69], [15, 15, 1.0], [15, 16, 0.66], [16, 0, -0.09], [16, 1, -0.39], [16, 2, -0.26], [16, 3, -0.13], [16, 4, 0.09], [16, 5, -0.16], [16, 6, -0.19], [16, 7, -0.01], [16, 8, -0.15], [16, 9, 0.38], [16, 10, 0.42], [16, 11, 0.41], [16, 12, 0.17], [16, 13, 0.07], [16, 14, 0.62], [16, 15, 0.66], [16, 16, 1.0]]