[[0, 0, 1.0], [0, 1, 0.38], [0, 2, 0.77], [0, 3, 0.48], [0, 4, 0.21], [0, 5, 0.65], [0, 6, 0.65], [0, 7, 0.56], [0, 8, 0.52], [0, 9, 0.17], [0, 10, 0.38], [0, 11, 0.38], [0, 12, 0.45], [0, 13, 0.32], [0, 14, 0.7], [0, 15, 0.36], [0, 16, 0.4], [1, 0, 0.38], [1, 1, 1.0], [1, 2, 0.86], [1, 3, 0.36], [1, 4, 0.62], [1, 5, 0.5], [1, 6, 0.41], [1, 7, 0.27], [1, 8, 0.61], [1, 9, 0.54], [1, 10, 0.02], [1, 11, 0.11], [1, 12, 0.18], [1, 13, -0.19], [1, 14, 0.0], [1, 15, -0.17], [1, 16, -0.14], [2, 0, 0.77], [2, 1, 0.86], [2, 2, 1.0], [2, 3, 0.5], [2, 4, 0.49], [2, 5, 0.68], [2, 6, 0.61], [2, 7, 0.51], [2, 8, 0.68], [2, 9, 0.44], [2, 10, 0.25], [2, 11, 0.33], [2, 12, 0.37], [2, 13, 0.08], [2, 14, 0.38], [2, 15, 0.06], [2, 16, 0.14], [3, 0, 0.48], [3, 1, 0.36], [3, 2, 0.5], [3, 3, 1.0], [3, 4, 0.52], [3, 5, 0.7], [3, 6, 0.81], [3, 7, 0.91], [3, 8, 0.82], [3, 9, 0.35], [3, 10, 0.62], [3, 11, 0.64], [3, 12, 0.32], [3, 13, 0.17], [3, 14, 0.67], [3, 15, 0.32], [3, 16, 0.16], [4, 0, 0.21], [4, 1, 0.62], [4, 2, 0.49], [4, 3, 0.52], [4, 4, 1.0], [4, 5, 0.32], [4, 6, 0.38], [4, 7, 0.49], [4, 8, 0.7], [4, 9, 0.71], [4, 10, 0.17], [4, 11, 0.15], [4, 12, -0.09], [4, 13, -0.02], [4, 14, 0.14], [4, 15, 0.02], [4, 16, 0.16], [5, 0, 0.65], [5, 1, 0.5], [5, 2, 0.68], [5, 3, 0.7], [5, 4, 0.32], [5, 5, 1.0], [5, 6, 0.85], [5, 7, 0.71], [5, 8, 0.74], [5, 9, 0.1], [5, 10, 0.47], [5, 11, 0.46], [5, 12, 0.44], [5, 13, -0.02], [5, 14, 0.59], [5, 15, 0.39], [5, 16, 0.31], [6, 0, 0.65], [6, 1, 0.41], [6, 2, 0.61], [6, 3, 0.81], [6, 4, 0.38], [6, 5, 0.85], [6, 6, 1.0], [6, 7, 0.78], [6, 8, 0.8], [6, 9, 0.13], [6, 10, 0.51], [6, 11, 0.52], [6, 12, 0.36], [6, 13, 0.11], [6, 14, 0.61], [6, 15, 0.49], [6, 16, 0.27], [7, 0, 0.56], [7, 1, 0.27], [7, 2, 0.51], [7, 3, 0.91], [7, 4, 0.49], [7, 5, 0.71], [7, 6, 0.78], [7, 7, 1.0], [7, 8, 0.84], [7, 9, 0.35], [7, 10, 0.69], [7, 11, 0.66], [7, 12, 0.35], [7, 13, 0.27], [7, 14, 0.75], [7, 15, 0.45], [7, 16, 0.38], [8, 0, 0.52], [8, 1, 0.61], [8, 2, 0.68], [8, 3, 0.82], [8, 4, 0.7], [8, 5, 0.74], [8, 6, 0.8], [8, 7, 0.84], [8, 8, 1.0], [8, 9, 0.41], [8, 10, 0.56], [8, 11, 0.57], [8, 12, 0.39], [8, 13, 0.13], [8, 14, 0.56], [8, 15, 0.45], [8, 16, 0.31], [9, 0, 0.17], [9, 1, 0.54], [9, 2, 0.44], [9, 3, 0.35], [9, 4, 0.71], [9, 5, 0.1], [9, 6, 0.13], [9, 7, 0.35], [9, 8, 0.41], [9, 9, 1.0], [9, 10, 0.08], [9, 11, 0.01], [9, 12, -0.26], [9, 13, -0.08], [9, 14, 0.22], [9, 15, -0.37], [9, 16, -0.09], [10, 0, 0.38], [10, 1, 0.02], [10, 2, 0.25], [10, 3, 0.62], [10, 4, 0.17], [10, 5, 0.47], [10, 6, 0.51], [10, 7, 0.69], [10, 8, 0.56], [10, 9, 0.08], [10, 10, 1.0], [10, 11, 0.92], [10, 12, 0.64], [10, 13, 0.32], [10, 14, 0.49], [10, 15, 0.39], [10, 16, 0.39], [11, 0, 0.38], [11, 1, 0.11], [11, 2, 0.33], [11, 3, 0.64], [11, 4, 0.15], [11, 5, 0.46], [11, 6, 0.52], [11, 7, 0.66], [11, 8, 0.57], [11, 9, 0.01], [11, 10, 0.92], [11, 11, 1.0], [11, 12, 0.73], [11, 13, 0.3], [11, 14, 0.44], [11, 15, 0.43], [11, 16, 0.37], [12, 0, 0.45], [12, 1, 0.18], [12, 2, 0.37], [12, 3, 0.32], [12, 4, -0.09], [12, 5, 0.44], [12, 6, 0.36], [12, 7, 0.35], [12, 8, 0.39], [12, 9, -0.26], [12, 10, 0.64], [12, 11, 0.73], [12, 12, 1.0], [12, 13, 0.13], [12, 14, 0.29], [12, 15, 0.56], [12, 16, 0.38], [13, 0, 0.32], [13, 1, -0.19], [13, 2, 0.08], [13, 3, 0.17], [13, 4, -0.02], [13, 5, -0.02], [13, 6, 0.11], [13, 7, 0.27], [13, 8, 0.13], [13, 9, -0.08], [13, 10, 0.32], [13, 11, 0.3], [13, 12, 0.13], [13, 13, 1.0], [13, 14, 0.4], [13, 15, 0.31], [13, 16, 0.26], [14, 0, 0.7], [14, 1, 0.0], [14, 2, 0.38], [14, 3, 0.67], [14, 4, 0.14], [14, 5, 0.59], [14, 6, 0.61], [14, 7, 0.75], [14, 8, 0.56], [14, 9, 0.22], [14, 10, 0.49], [14, 11, 0.44], [14, 12, 0.29], [14, 13, 0.4], [14, 14, 1.0], [14, 15, 0.48], [14, 16, 0.45], [15, 0, 0.36], [15, 1, -0.17], [15, 2, 0.06], [15, 3, 0.32], [15, 4, 0.02], [15, 5, 0.39], [15, 6, 0.49], [15, 7, 0.45], [15, 8, 0.45], [15, 9, -0.37], [15, 10, 0.39], [15, 11, 0.43], [15, 12, 0.56], [15, 13, 0.31], [15, 14, 0.48], [15, 15, 1.0], [15, 16, 0.62], [16, 0, 0.4], [16, 1, -0.14], [16, 2, 0.14], [16, 3, 0.16], [16, 4, 0.16], [16, 5, 0.31], [16, 6, 0.27], [16, 7, 0.38], [16, 8, 0.31], [16, 9, -0.09], [16, 10, 0.39], [16, 11, 0.37], [16, 12, 0.38], [16, 13, 0.26], [16, 14, 0.45], [16, 15, 0.62], [16, 16, 1.0]]