[[0, 0, 1.0], [0, 1, 0.96], [0, 2, 0.98], [0, 3, 0.36], [0, 4, 0.0], [0, 5, 0.57], [0, 6, 0.34], [0, 7, 0.16], [0, 8, 0.76], [0, 9, -0.52], [0, 10, 0.68], [0, 11, 0.78], [0, 12, 0.76], [0, 13, 0.68], [0, 14, 0.75], [0, 15, 0.15], [0, 16, 0.28], [1, 0, 0.96], [1, 1, 1.0], [1, 2, 0.99], [1, 3, 0.31], [1, 4, -0.08], [1, 5, 0.5], [1, 6, 0.33], [1, 7, 0.13], [1, 8, 0.72], [1, 9, -0.56], [1, 10, 0.59], [1, 11, 0.72], [1, 12, 0.7], [1, 13, 0.61], [1, 14, 0.73], [1, 15, 0.16], [1, 16, 0.31], [2, 0, 0.98], [2, 1, 0.99], [2, 2, 1.0], [2, 3, 0.31], [2, 4, -0.08], [2, 5, 0.53], [2, 6, 0.33], [2, 7, 0.1], [2, 8, 0.75], [2, 9, -0.55], [2, 10, 0.62], [2, 11, 0.77], [2, 12, 0.74], [2, 13, 0.7], [2, 14, 0.75], [2, 15, 0.18], [2, 16, 0.27], [3, 0, 0.36], [3, 1, 0.31], [3, 2, 0.31], [3, 3, 1.0], [3, 4, 0.77], [3, 5, 0.76], [3, 6, 0.88], [3, 7, 0.9], [3, 8, 0.74], [3, 9, -0.1], [3, 10, 0.65], [3, 11, 0.24], [3, 12, 0.38], [3, 13, 0.02], [3, 14, 0.46], [3, 15, 0.09], [3, 16, 0.32], [4, 0, 0.0], [4, 1, -0.08], [4, 2, -0.08], [4, 3, 0.77], [4, 4, 1.0], [4, 5, 0.62], [4, 6, 0.68], [4, 7, 0.77], [4, 8, 0.49], [4, 9, 0.29], [4, 10, 0.39], [4, 11, -0.01], [4, 12, 0.27], [4, 13, -0.23], [4, 14, 0.23], [4, 15, 0.15], [4, 16, 0.26], [5, 0, 0.57], [5, 1, 0.5], [5, 2, 0.53], [5, 3, 0.76], [5, 4, 0.62], [5, 5, 1.0], [5, 6, 0.67], [5, 7, 0.55], [5, 8, 0.88], [5, 9, 0.02], [5, 10, 0.63], [5, 11, 0.43], [5, 12, 0.68], [5, 13, 0.29], [5, 14, 0.56], [5, 15, 0.05], [5, 16, 0.09], [6, 0, 0.34], [6, 1, 0.33], [6, 2, 0.33], [6, 3, 0.88], [6, 4, 0.68], [6, 5, 0.67], [6, 6, 1.0], [6, 7, 0.82], [6, 8, 0.76], [6, 9, -0.08], [6, 10, 0.46], [6, 11, 0.17], [6, 12, 0.42], [6, 13, 0.05], [6, 14, 0.45], [6, 15, 0.03], [6, 16, 0.24], [7, 0, 0.16], [7, 1, 0.13], [7, 2, 0.1], [7, 3, 0.9], [7, 4, 0.77], [7, 5, 0.55], [7, 6, 0.82], [7, 7, 1.0], [7, 8, 0.53], [7, 9, -0.1], [7, 10, 0.45], [7, 11, 0.01], [7, 12, 0.12], [7, 13, -0.3], [7, 14, 0.33], [7, 15, 0.02], [7, 16, 0.38], [8, 0, 0.76], [8, 1, 0.72], [8, 2, 0.75], [8, 3, 0.74], [8, 4, 0.49], [8, 5, 0.88], [8, 6, 0.76], [8, 7, 0.53], [8, 8, 1.0], [8, 9, -0.23], [8, 10, 0.73], [8, 11, 0.62], [8, 12, 0.77], [8, 13, 0.46], [8, 14, 0.76], [8, 15, 0.12], [8, 16, 0.22], [9, 0, -0.52], [9, 1, -0.56], [9, 2, -0.55], [9, 3, -0.1], [9, 4, 0.29], [9, 5, 0.02], [9, 6, -0.08], [9, 7, -0.1], [9, 8, -0.23], [9, 9, 1.0], [9, 10, -0.32], [9, 11, -0.53], [9, 12, -0.2], [9, 13, -0.39], [9, 14, -0.39], [9, 15, -0.36], [9, 16, -0.31], [10, 0, 0.68], [10, 1, 0.59], [10, 2, 0.62], [10, 3, 0.65], [10, 4, 0.39], [10, 5, 0.63], [10, 6, 0.46], [10, 7, 0.45], [10, 8, 0.73], [10, 9, -0.32], [10, 10, 1.0], [10, 11, 0.68], [10, 12, 0.67], [10, 13, 0.5], [10, 14, 0.72], [10, 15, 0.22], [10, 16, 0.46], [11, 0, 0.78], [11, 1, 0.72], [11, 2, 0.77], [11, 3, 0.24], [11, 4, -0.01], [11, 5, 0.43], [11, 6, 0.17], [11, 7, 0.01], [11, 8, 0.62], [11, 9, -0.53], [11, 10, 0.68], [11, 11, 1.0], [11, 12, 0.74], [11, 13, 0.73], [11, 14, 0.76], [11, 15, 0.33], [11, 16, 0.14], [12, 0, 0.76], [12, 1, 0.7], [12, 2, 0.74], [12, 3, 0.38], [12, 4, 0.27], [12, 5, 0.68], [12, 6, 0.42], [12, 7, 0.12], [12, 8, 0.77], [12, 9, -0.2], [12, 10, 0.67], [12, 11, 0.74], [12, 12, 1.0], [12, 13, 0.73], [12, 14, 0.66], [12, 15, 0.16], [12, 16, 0.07], [13, 0, 0.68], [13, 1, 0.61], [13, 2, 0.7], [13, 3, 0.02], [13, 4, -0.23], [13, 5, 0.29], [13, 6, 0.05], [13, 7, -0.3], [13, 8, 0.46], [13, 9, -0.39], [13, 10, 0.5], [13, 11, 0.73], [13, 12, 0.73], [13, 13, 1.0], [13, 14, 0.5], [13, 15, 0.25], [13, 16, 0.0], [14, 0, 0.75], [14, 1, 0.73], [14, 2, 0.75], [14, 3, 0.46], [14, 4, 0.23], [14, 5, 0.56], [14, 6, 0.45], [14, 7, 0.33], [14, 8, 0.76], [14, 9, -0.39], [14, 10, 0.72], [14, 11, 0.76], [14, 12, 0.66], [14, 13, 0.5], [14, 14, 1.0], [14, 15, 0.22], [14, 16, 0.45], [15, 0, 0.15], [15, 1, 0.16], [15, 2, 0.18], [15, 3, 0.09], [15, 4, 0.15], [15, 5, 0.05], [15, 6, 0.03], [15, 7, 0.02], [15, 8, 0.12], [15, 9, -0.36], [15, 10, 0.22], [15, 11, 0.33], [15, 12, 0.16], [15, 13, 0.25], [15, 14, 0.22], [15, 15, 1.0], [15, 16, 0.42], [16, 0, 0.28], [16, 1, 0.31], [16, 2, 0.27], [16, 3, 0.32], [16, 4, 0.26], [16, 5, 0.09], [16, 6, 0.24], [16, 7, 0.38], [16, 8, 0.22], [16, 9, -0.31], [16, 10, 0.46], [16, 11, 0.14], [16, 12, 0.07], [16, 13, 0.0], [16, 14, 0.45], [16, 15, 0.42], [16, 16, 1.0]]