[[0, 0, 1.0], [0, 1, 0.94], [0, 2, 0.98], [0, 3, 0.66], [0, 4, -0.18], [0, 5, 0.75], [0, 6, 0.67], [0, 7, 0.28], [0, 8, 0.71], [0, 9, 0.21], [0, 10, 0.3], [0, 11, 0.47], [0, 12, 0.6], [0, 13, 0.43], [0, 14, 0.45], [0, 15, 0.33], [0, 16, 0.41], [1, 0, 0.94], [1, 1, 1.0], [1, 2, 0.98], [1, 3, 0.6], [1, 4, -0.25], [1, 5, 0.76], [1, 6, 0.68], [1, 7, 0.27], [1, 8, 0.71], [1, 9, 0.1], [1, 10, 0.32], [1, 11, 0.43], [1, 12, 0.66], [1, 13, 0.39], [1, 14, 0.5], [1, 15, 0.31], [1, 16, 0.39], [2, 0, 0.98], [2, 1, 0.98], [2, 2, 1.0], [2, 3, 0.65], [2, 4, -0.19], [2, 5, 0.77], [2, 6, 0.69], [2, 7, 0.3], [2, 8, 0.73], [2, 9, 0.18], [2, 10, 0.35], [2, 11, 0.48], [2, 12, 0.63], [2, 13, 0.38], [2, 14, 0.48], [2, 15, 0.33], [2, 16, 0.43], [3, 0, 0.66], [3, 1, 0.6], [3, 2, 0.65], [3, 3, 1.0], [3, 4, 0.12], [3, 5, 0.78], [3, 6, 0.68], [3, 7, 0.77], [3, 8, 0.81], [3, 9, 0.2], [3, 10, 0.56], [3, 11, 0.57], [3, 12, 0.71], [3, 13, 0.31], [3, 14, 0.33], [3, 15, 0.28], [3, 16, 0.34], [4, 0, -0.18], [4, 1, -0.25], [4, 2, -0.19], [4, 3, 0.12], [4, 4, 1.0], [4, 5, -0.08], [4, 6, -0.23], [4, 7, 0.49], [4, 8, -0.02], [4, 9, 0.4], [4, 10, 0.34], [4, 11, 0.24], [4, 12, -0.0], [4, 13, -0.27], [4, 14, 0.17], [4, 15, 0.06], [4, 16, -0.04], [5, 0, 0.75], [5, 1, 0.76], [5, 2, 0.77], [5, 3, 0.78], [5, 4, -0.08], [5, 5, 1.0], [5, 6, 0.71], [5, 7, 0.57], [5, 8, 0.8], [5, 9, 0.31], [5, 10, 0.35], [5, 11, 0.5], [5, 12, 0.64], [5, 13, 0.34], [5, 14, 0.48], [5, 15, 0.41], [5, 16, 0.54], [6, 0, 0.67], [6, 1, 0.68], [6, 2, 0.69], [6, 3, 0.68], [6, 4, -0.23], [6, 5, 0.71], [6, 6, 1.0], [6, 7, 0.47], [6, 8, 0.91], [6, 9, 0.24], [6, 10, 0.34], [6, 11, 0.52], [6, 12, 0.64], [6, 13, 0.44], [6, 14, 0.17], [6, 15, 0.16], [6, 16, 0.38], [7, 0, 0.28], [7, 1, 0.27], [7, 2, 0.3], [7, 3, 0.77], [7, 4, 0.49], [7, 5, 0.57], [7, 6, 0.47], [7, 7, 1.0], [7, 8, 0.69], [7, 9, 0.37], [7, 10, 0.59], [7, 11, 0.5], [7, 12, 0.54], [7, 13, -0.02], [7, 14, 0.29], [7, 15, -0.05], [7, 16, 0.12], [8, 0, 0.71], [8, 1, 0.71], [8, 2, 0.73], [8, 3, 0.81], [8, 4, -0.02], [8, 5, 0.8], [8, 6, 0.91], [8, 7, 0.69], [8, 8, 1.0], [8, 9, 0.28], [8, 10, 0.59], [8, 11, 0.68], [8, 12, 0.77], [8, 13, 0.34], [8, 14, 0.33], [8, 15, 0.19], [8, 16, 0.45], [9, 0, 0.21], [9, 1, 0.1], [9, 2, 0.18], [9, 3, 0.2], [9, 4, 0.4], [9, 5, 0.31], [9, 6, 0.24], [9, 7, 0.37], [9, 8, 0.28], [9, 9, 1.0], [9, 10, 0.4], [9, 11, 0.38], [9, 12, 0.19], [9, 13, 0.1], [9, 14, 0.47], [9, 15, -0.12], [9, 16, 0.37], [10, 0, 0.3], [10, 1, 0.32], [10, 2, 0.35], [10, 3, 0.56], [10, 4, 0.34], [10, 5, 0.35], [10, 6, 0.34], [10, 7, 0.59], [10, 8, 0.59], [10, 9, 0.4], [10, 10, 1.0], [10, 11, 0.79], [10, 12, 0.57], [10, 13, 0.13], [10, 14, 0.55], [10, 15, 0.07], [10, 16, 0.45], [11, 0, 0.47], [11, 1, 0.43], [11, 2, 0.48], [11, 3, 0.57], [11, 4, 0.24], [11, 5, 0.5], [11, 6, 0.52], [11, 7, 0.5], [11, 8, 0.68], [11, 9, 0.38], [11, 10, 0.79], [11, 11, 1.0], [11, 12, 0.58], [11, 13, 0.31], [11, 14, 0.59], [11, 15, 0.41], [11, 16, 0.54], [12, 0, 0.6], [12, 1, 0.66], [12, 2, 0.63], [12, 3, 0.71], [12, 4, -0.0], [12, 5, 0.64], [12, 6, 0.64], [12, 7, 0.54], [12, 8, 0.77], [12, 9, 0.19], [12, 10, 0.57], [12, 11, 0.58], [12, 12, 1.0], [12, 13, 0.35], [12, 14, 0.53], [12, 15, 0.19], [12, 16, 0.22], [13, 0, 0.43], [13, 1, 0.39], [13, 2, 0.38], [13, 3, 0.31], [13, 4, -0.27], [13, 5, 0.34], [13, 6, 0.44], [13, 7, -0.02], [13, 8, 0.34], [13, 9, 0.1], [13, 10, 0.13], [13, 11, 0.31], [13, 12, 0.35], [13, 13, 1.0], [13, 14, 0.38], [13, 15, 0.27], [13, 16, 0.37], [14, 0, 0.45], [14, 1, 0.5], [14, 2, 0.48], [14, 3, 0.33], [14, 4, 0.17], [14, 5, 0.48], [14, 6, 0.17], [14, 7, 0.29], [14, 8, 0.33], [14, 9, 0.47], [14, 10, 0.55], [14, 11, 0.59], [14, 12, 0.53], [14, 13, 0.38], [14, 14, 1.0], [14, 15, 0.24], [14, 16, 0.43], [15, 0, 0.33], [15, 1, 0.31], [15, 2, 0.33], [15, 3, 0.28], [15, 4, 0.06], [15, 5, 0.41], [15, 6, 0.16], [15, 7, -0.05], [15, 8, 0.19], [15, 9, -0.12], [15, 10, 0.07], [15, 11, 0.41], [15, 12, 0.19], [15, 13, 0.27], [15, 14, 0.24], [15, 15, 1.0], [15, 16, 0.62], [16, 0, 0.41], [16, 1, 0.39], [16, 2, 0.43], [16, 3, 0.34], [16, 4, -0.04], [16, 5, 0.54], [16, 6, 0.38], [16, 7, 0.12], [16, 8, 0.45], [16, 9, 0.37], [16, 10, 0.45], [16, 11, 0.54], [16, 12, 0.22], [16, 13, 0.37], [16, 14, 0.43], [16, 15, 0.62], [16, 16, 1.0]]