[[0, 0, 1.0], [0, 1, 0.82], [0, 2, 0.95], [0, 3, 0.34], [0, 4, -0.26], [0, 5, 0.27], [0, 6, 0.48], [0, 7, -0.1], [0, 8, 0.47], [0, 9, -0.36], [0, 10, -0.68], [0, 11, -0.61], [0, 12, 0.24], [0, 13, -0.23], [0, 14, -0.55], [0, 15, -0.34], [0, 16, -0.53], [1, 0, 0.82], [1, 1, 1.0], [1, 2, 0.95], [1, 3, 0.09], [1, 4, -0.28], [1, 5, -0.03], [1, 6, 0.16], [1, 7, -0.22], [1, 8, 0.14], [1, 9, -0.19], [1, 10, -0.39], [1, 11, -0.33], [1, 12, 0.21], [1, 13, -0.14], [1, 14, -0.27], [1, 15, -0.09], [1, 16, -0.21], [2, 0, 0.95], [2, 1, 0.95], [2, 2, 1.0], [2, 3, 0.23], [2, 4, -0.28], [2, 5, 0.13], [2, 6, 0.35], [2, 7, -0.17], [2, 8, 0.34], [2, 9, -0.28], [2, 10, -0.56], [2, 11, -0.49], [2, 12, 0.27], [2, 13, -0.18], [2, 14, -0.42], [2, 15, -0.22], [2, 16, -0.37], [3, 0, 0.34], [3, 1, 0.09], [3, 2, 0.23], [3, 3, 1.0], [3, 4, -0.28], [3, 5, 0.71], [3, 6, 0.47], [3, 7, 0.07], [3, 8, 0.36], [3, 9, -0.55], [3, 10, -0.73], [3, 11, -0.63], [3, 12, -0.03], [3, 13, -0.44], [3, 14, -0.19], [3, 15, -0.64], [3, 16, -0.55], [4, 0, -0.26], [4, 1, -0.28], [4, 2, -0.28], [4, 3, -0.28], [4, 4, 1.0], [4, 5, -0.03], [4, 6, 0.16], [4, 7, 0.76], [4, 8, 0.39], [4, 9, 0.72], [4, 10, 0.44], [4, 11, 0.38], [4, 12, 0.04], [4, 13, 0.04], [4, 14, 0.39], [4, 15, 0.16], [4, 16, 0.35], [5, 0, 0.27], [5, 1, -0.03], [5, 2, 0.13], [5, 3, 0.71], [5, 4, -0.03], [5, 5, 1.0], [5, 6, 0.65], [5, 7, 0.41], [5, 8, 0.54], [5, 9, -0.45], [5, 10, -0.52], [5, 11, -0.44], [5, 12, -0.14], [5, 13, -0.33], [5, 14, -0.14], [5, 15, -0.41], [5, 16, -0.35], [6, 0, 0.48], [6, 1, 0.16], [6, 2, 0.35], [6, 3, 0.47], [6, 4, 0.16], [6, 5, 0.65], [6, 6, 1.0], [6, 7, 0.51], [6, 8, 0.76], [6, 9, -0.2], [6, 10, -0.48], [6, 11, -0.32], [6, 12, -0.07], [6, 13, -0.08], [6, 14, -0.07], [6, 15, -0.26], [6, 16, -0.19], [7, 0, -0.1], [7, 1, -0.22], [7, 2, -0.17], [7, 3, 0.07], [7, 4, 0.76], [7, 5, 0.41], [7, 6, 0.51], [7, 7, 1.0], [7, 8, 0.61], [7, 9, 0.43], [7, 10, 0.1], [7, 11, 0.15], [7, 12, -0.06], [7, 13, -0.0], [7, 14, 0.49], [7, 15, 0.16], [7, 16, 0.35], [8, 0, 0.47], [8, 1, 0.14], [8, 2, 0.34], [8, 3, 0.36], [8, 4, 0.39], [8, 5, 0.54], [8, 6, 0.76], [8, 7, 0.61], [8, 8, 1.0], [8, 9, 0.03], [8, 10, -0.37], [8, 11, -0.19], [8, 12, 0.36], [8, 13, -0.11], [8, 14, -0.0], [8, 15, -0.15], [8, 16, -0.13], [9, 0, -0.36], [9, 1, -0.19], [9, 2, -0.28], [9, 3, -0.55], [9, 4, 0.72], [9, 5, -0.45], [9, 6, -0.2], [9, 7, 0.43], [9, 8, 0.03], [9, 9, 1.0], [9, 10, 0.69], [9, 11, 0.63], [9, 12, 0.14], [9, 13, 0.2], [9, 14, 0.52], [9, 15, 0.35], [9, 16, 0.59], [10, 0, -0.68], [10, 1, -0.39], [10, 2, -0.56], [10, 3, -0.73], [10, 4, 0.44], [10, 5, -0.52], [10, 6, -0.48], [10, 7, 0.1], [10, 8, -0.37], [10, 9, 0.69], [10, 10, 1.0], [10, 11, 0.87], [10, 12, 0.04], [10, 13, 0.33], [10, 14, 0.6], [10, 15, 0.55], [10, 16, 0.74], [11, 0, -0.61], [11, 1, -0.33], [11, 2, -0.49], [11, 3, -0.63], [11, 4, 0.38], [11, 5, -0.44], [11, 6, -0.32], [11, 7, 0.15], [11, 8, -0.19], [11, 9, 0.63], [11, 10, 0.87], [11, 11, 1.0], [11, 12, 0.15], [11, 13, 0.42], [11, 14, 0.72], [11, 15, 0.5], [11, 16, 0.79], [12, 0, 0.24], [12, 1, 0.21], [12, 2, 0.27], [12, 3, -0.03], [12, 4, 0.04], [12, 5, -0.14], [12, 6, -0.07], [12, 7, -0.06], [12, 8, 0.36], [12, 9, 0.14], [12, 10, 0.04], [12, 11, 0.15], [12, 12, 1.0], [12, 13, 0.15], [12, 14, 0.02], [12, 15, 0.12], [12, 16, 0.08], [13, 0, -0.23], [13, 1, -0.14], [13, 2, -0.18], [13, 3, -0.44], [13, 4, 0.04], [13, 5, -0.33], [13, 6, -0.08], [13, 7, -0.0], [13, 8, -0.11], [13, 9, 0.2], [13, 10, 0.33], [13, 11, 0.42], [13, 12, 0.15], [13, 13, 1.0], [13, 14, 0.24], [13, 15, 0.52], [13, 16, 0.42], [14, 0, -0.55], [14, 1, -0.27], [14, 2, -0.42], [14, 3, -0.19], [14, 4, 0.39], [14, 5, -0.14], [14, 6, -0.07], [14, 7, 0.49], [14, 8, -0.0], [14, 9, 0.52], [14, 10, 0.6], [14, 11, 0.72], [14, 12, 0.02], [14, 13, 0.24], [14, 14, 1.0], [14, 15, 0.5], [14, 16, 0.85], [15, 0, -0.34], [15, 1, -0.09], [15, 2, -0.22], [15, 3, -0.64], [15, 4, 0.16], [15, 5, -0.41], [15, 6, -0.26], [15, 7, 0.16], [15, 8, -0.15], [15, 9, 0.35], [15, 10, 0.55], [15, 11, 0.5], [15, 12, 0.12], [15, 13, 0.52], [15, 14, 0.5], [15, 15, 1.0], [15, 16, 0.78], [16, 0, -0.53], [16, 1, -0.21], [16, 2, -0.37], [16, 3, -0.55], [16, 4, 0.35], [16, 5, -0.35], [16, 6, -0.19], [16, 7, 0.35], [16, 8, -0.13], [16, 9, 0.59], [16, 10, 0.74], [16, 11, 0.79], [16, 12, 0.08], [16, 13, 0.42], [16, 14, 0.85], [16, 15, 0.78], [16, 16, 1.0]]