[[0, 0, 1.0], [0, 1, 0.67], [0, 2, 0.92], [0, 3, 0.57], [0, 4, 0.28], [0, 5, 0.43], [0, 6, 0.3], [0, 7, 0.57], [0, 8, 0.56], [0, 9, 0.52], [0, 10, 0.22], [0, 11, 0.28], [0, 12, 0.14], [0, 13, -0.15], [0, 14, 0.46], [0, 15, -0.17], [0, 16, 0.29], [1, 0, 0.67], [1, 1, 1.0], [1, 2, 0.87], [1, 3, 0.53], [1, 4, 0.17], [1, 5, 0.38], [1, 6, 0.34], [1, 7, 0.46], [1, 8, 0.49], [1, 9, 0.22], [1, 10, 0.15], [1, 11, 0.4], [1, 12, 0.27], [1, 13, 0.02], [1, 14, 0.07], [1, 15, -0.13], [1, 16, 0.12], [2, 0, 0.92], [2, 1, 0.87], [2, 2, 1.0], [2, 3, 0.55], [2, 4, 0.25], [2, 5, 0.45], [2, 6, 0.32], [2, 7, 0.54], [2, 8, 0.56], [2, 9, 0.42], [2, 10, 0.18], [2, 11, 0.34], [2, 12, 0.16], [2, 13, -0.11], [2, 14, 0.3], [2, 15, -0.14], [2, 16, 0.22], [3, 0, 0.57], [3, 1, 0.53], [3, 2, 0.55], [3, 3, 1.0], [3, 4, 0.36], [3, 5, 0.75], [3, 6, 0.61], [3, 7, 0.84], [3, 8, 0.65], [3, 9, 0.27], [3, 10, -0.14], [3, 11, 0.08], [3, 12, 0.26], [3, 13, -0.16], [3, 14, 0.19], [3, 15, 0.13], [3, 16, 0.28], [4, 0, 0.28], [4, 1, 0.17], [4, 2, 0.25], [4, 3, 0.36], [4, 4, 1.0], [4, 5, 0.39], [4, 6, 0.13], [4, 7, 0.36], [4, 8, 0.29], [4, 9, 0.57], [4, 10, 0.19], [4, 11, 0.29], [4, 12, 0.19], [4, 13, 0.25], [4, 14, -0.14], [4, 15, -0.02], [4, 16, -0.18], [5, 0, 0.43], [5, 1, 0.38], [5, 2, 0.45], [5, 3, 0.75], [5, 4, 0.39], [5, 5, 1.0], [5, 6, 0.42], [5, 7, 0.53], [5, 8, 0.44], [5, 9, 0.37], [5, 10, 0.16], [5, 11, 0.31], [5, 12, 0.28], [5, 13, -0.11], [5, 14, 0.1], [5, 15, 0.29], [5, 16, 0.37], [6, 0, 0.3], [6, 1, 0.34], [6, 2, 0.32], [6, 3, 0.61], [6, 4, 0.13], [6, 5, 0.42], [6, 6, 1.0], [6, 7, 0.49], [6, 8, 0.65], [6, 9, 0.36], [6, 10, -0.04], [6, 11, 0.06], [6, 12, 0.14], [6, 13, 0.03], [6, 14, 0.44], [6, 15, 0.39], [6, 16, 0.52], [7, 0, 0.57], [7, 1, 0.46], [7, 2, 0.54], [7, 3, 0.84], [7, 4, 0.36], [7, 5, 0.53], [7, 6, 0.49], [7, 7, 1.0], [7, 8, 0.55], [7, 9, 0.29], [7, 10, -0.06], [7, 11, 0.09], [7, 12, 0.1], [7, 13, -0.05], [7, 14, 0.17], [7, 15, -0.15], [7, 16, 0.17], [8, 0, 0.56], [8, 1, 0.49], [8, 2, 0.56], [8, 3, 0.65], [8, 4, 0.29], [8, 5, 0.44], [8, 6, 0.65], [8, 7, 0.55], [8, 8, 1.0], [8, 9, 0.49], [8, 10, -0.11], [8, 11, 0.1], [8, 12, 0.21], [8, 13, -0.01], [8, 14, 0.27], [8, 15, -0.01], [8, 16, 0.15], [9, 0, 0.52], [9, 1, 0.22], [9, 2, 0.42], [9, 3, 0.27], [9, 4, 0.57], [9, 5, 0.37], [9, 6, 0.36], [9, 7, 0.29], [9, 8, 0.49], [9, 9, 1.0], [9, 10, 0.34], [9, 11, 0.27], [9, 12, 0.16], [9, 13, -0.14], [9, 14, 0.44], [9, 15, 0.07], [9, 16, 0.28], [10, 0, 0.22], [10, 1, 0.15], [10, 2, 0.18], [10, 3, -0.14], [10, 4, 0.19], [10, 5, 0.16], [10, 6, -0.04], [10, 7, -0.06], [10, 8, -0.11], [10, 9, 0.34], [10, 10, 1.0], [10, 11, 0.76], [10, 12, 0.3], [10, 13, 0.29], [10, 14, 0.32], [10, 15, 0.27], [10, 16, 0.41], [11, 0, 0.28], [11, 1, 0.4], [11, 2, 0.34], [11, 3, 0.08], [11, 4, 0.29], [11, 5, 0.31], [11, 6, 0.06], [11, 7, 0.09], [11, 8, 0.1], [11, 9, 0.27], [11, 10, 0.76], [11, 11, 1.0], [11, 12, 0.61], [11, 13, 0.19], [11, 14, -0.02], [11, 15, 0.27], [11, 16, 0.27], [12, 0, 0.14], [12, 1, 0.27], [12, 2, 0.16], [12, 3, 0.26], [12, 4, 0.19], [12, 5, 0.28], [12, 6, 0.14], [12, 7, 0.1], [12, 8, 0.21], [12, 9, 0.16], [12, 10, 0.3], [12, 11, 0.61], [12, 12, 1.0], [12, 13, -0.08], [12, 14, -0.22], [12, 15, 0.12], [12, 16, -0.09], [13, 0, -0.15], [13, 1, 0.02], [13, 2, -0.11], [13, 3, -0.16], [13, 4, 0.25], [13, 5, -0.11], [13, 6, 0.03], [13, 7, -0.05], [13, 8, -0.01], [13, 9, -0.14], [13, 10, 0.29], [13, 11, 0.19], [13, 12, -0.08], [13, 13, 1.0], [13, 14, -0.16], [13, 15, -0.09], [13, 16, -0.18], [14, 0, 0.46], [14, 1, 0.07], [14, 2, 0.3], [14, 3, 0.19], [14, 4, -0.14], [14, 5, 0.1], [14, 6, 0.44], [14, 7, 0.17], [14, 8, 0.27], [14, 9, 0.44], [14, 10, 0.32], [14, 11, -0.02], [14, 12, -0.22], [14, 13, -0.16], [14, 14, 1.0], [14, 15, 0.39], [14, 16, 0.78], [15, 0, -0.17], [15, 1, -0.13], [15, 2, -0.14], [15, 3, 0.13], [15, 4, -0.02], [15, 5, 0.29], [15, 6, 0.39], [15, 7, -0.15], [15, 8, -0.01], [15, 9, 0.07], [15, 10, 0.27], [15, 11, 0.27], [15, 12, 0.12], [15, 13, -0.09], [15, 14, 0.39], [15, 15, 1.0], [15, 16, 0.65], [16, 0, 0.29], [16, 1, 0.12], [16, 2, 0.22], [16, 3, 0.28], [16, 4, -0.18], [16, 5, 0.37], [16, 6, 0.52], [16, 7, 0.17], [16, 8, 0.15], [16, 9, 0.28], [16, 10, 0.41], [16, 11, 0.27], [16, 12, -0.09], [16, 13, -0.18], [16, 14, 0.78], [16, 15, 0.65], [16, 16, 1.0]]