[[0, 0, 1.0], [0, 1, 0.39], [0, 2, 0.62], [0, 3, 0.42], [0, 4, -0.04], [0, 5, 0.42], [0, 6, 0.27], [0, 7, 0.13], [0, 8, 0.12], [0, 9, 0.42], [0, 10, 0.3], [0, 11, 0.12], [0, 12, 0.23], [0, 13, 0.1], [0, 14, 0.09], [0, 15, -0.2], [0, 16, 0.26], [1, 0, 0.39], [1, 1, 1.0], [1, 2, 0.96], [1, 3, 0.13], [1, 4, 0.14], [1, 5, 0.21], [1, 6, 0.47], [1, 7, -0.59], [1, 8, 0.28], [1, 9, 0.14], [1, 10, 0.13], [1, 11, 0.33], [1, 12, 0.46], [1, 13, -0.21], [1, 14, 0.17], [1, 15, -0.29], [1, 16, -0.05], [2, 0, 0.62], [2, 1, 0.96], [2, 2, 1.0], [2, 3, 0.21], [2, 4, 0.13], [2, 5, 0.27], [2, 6, 0.4], [2, 7, -0.46], [2, 8, 0.29], [2, 9, 0.2], [2, 10, 0.2], [2, 11, 0.34], [2, 12, 0.45], [2, 13, -0.16], [2, 14, 0.17], [2, 15, -0.28], [2, 16, 0.07], [3, 0, 0.42], [3, 1, 0.13], [3, 2, 0.21], [3, 3, 1.0], [3, 4, -0.01], [3, 5, 0.89], [3, 6, 0.65], [3, 7, 0.56], [3, 8, 0.64], [3, 9, 0.74], [3, 10, 0.37], [3, 11, 0.28], [3, 12, 0.57], [3, 13, 0.47], [3, 14, 0.26], [3, 15, 0.22], [3, 16, 0.36], [4, 0, -0.04], [4, 1, 0.14], [4, 2, 0.13], [4, 3, -0.01], [4, 4, 1.0], [4, 5, 0.33], [4, 6, 0.02], [4, 7, -0.26], [4, 8, 0.28], [4, 9, -0.03], [4, 10, 0.54], [4, 11, 0.49], [4, 12, -0.12], [4, 13, -0.24], [4, 14, -0.3], [4, 15, 0.15], [4, 16, -0.12], [5, 0, 0.42], [5, 1, 0.21], [5, 2, 0.27], [5, 3, 0.89], [5, 4, 0.33], [5, 5, 1.0], [5, 6, 0.64], [5, 7, 0.36], [5, 8, 0.66], [5, 9, 0.74], [5, 10, 0.55], [5, 11, 0.47], [5, 12, 0.54], [5, 13, 0.37], [5, 14, 0.14], [5, 15, 0.11], [5, 16, 0.32], [6, 0, 0.27], [6, 1, 0.47], [6, 2, 0.4], [6, 3, 0.65], [6, 4, 0.02], [6, 5, 0.64], [6, 6, 1.0], [6, 7, 0.02], [6, 8, 0.62], [6, 9, 0.68], [6, 10, 0.33], [6, 11, 0.44], [6, 12, 0.61], [6, 13, 0.26], [6, 14, 0.15], [6, 15, 0.05], [6, 16, 0.13], [7, 0, 0.13], [7, 1, -0.59], [7, 2, -0.46], [7, 3, 0.56], [7, 4, -0.26], [7, 5, 0.36], [7, 6, 0.02], [7, 7, 1.0], [7, 8, 0.19], [7, 9, 0.38], [7, 10, 0.09], [7, 11, -0.06], [7, 12, 0.21], [7, 13, 0.44], [7, 14, 0.18], [7, 15, 0.33], [7, 16, 0.38], [8, 0, 0.12], [8, 1, 0.28], [8, 2, 0.29], [8, 3, 0.64], [8, 4, 0.28], [8, 5, 0.66], [8, 6, 0.62], [8, 7, 0.19], [8, 8, 1.0], [8, 9, 0.51], [8, 10, 0.44], [8, 11, 0.52], [8, 12, 0.68], [8, 13, 0.19], [8, 14, -0.08], [8, 15, 0.12], [8, 16, 0.05], [9, 0, 0.42], [9, 1, 0.14], [9, 2, 0.2], [9, 3, 0.74], [9, 4, -0.03], [9, 5, 0.74], [9, 6, 0.68], [9, 7, 0.38], [9, 8, 0.51], [9, 9, 1.0], [9, 10, 0.61], [9, 11, 0.61], [9, 12, 0.38], [9, 13, 0.35], [9, 14, 0.32], [9, 15, 0.17], [9, 16, 0.28], [10, 0, 0.3], [10, 1, 0.13], [10, 2, 0.2], [10, 3, 0.37], [10, 4, 0.54], [10, 5, 0.55], [10, 6, 0.33], [10, 7, 0.09], [10, 8, 0.44], [10, 9, 0.61], [10, 10, 1.0], [10, 11, 0.88], [10, 12, 0.07], [10, 13, 0.3], [10, 14, 0.08], [10, 15, 0.26], [10, 16, 0.2], [11, 0, 0.12], [11, 1, 0.33], [11, 2, 0.34], [11, 3, 0.28], [11, 4, 0.49], [11, 5, 0.47], [11, 6, 0.44], [11, 7, -0.06], [11, 8, 0.52], [11, 9, 0.61], [11, 10, 0.88], [11, 11, 1.0], [11, 12, 0.23], [11, 13, 0.14], [11, 14, 0.18], [11, 15, 0.25], [11, 16, 0.19], [12, 0, 0.23], [12, 1, 0.46], [12, 2, 0.45], [12, 3, 0.57], [12, 4, -0.12], [12, 5, 0.54], [12, 6, 0.61], [12, 7, 0.21], [12, 8, 0.68], [12, 9, 0.38], [12, 10, 0.07], [12, 11, 0.23], [12, 12, 1.0], [12, 13, 0.17], [12, 14, 0.18], [12, 15, -0.12], [12, 16, 0.2], [13, 0, 0.1], [13, 1, -0.21], [13, 2, -0.16], [13, 3, 0.47], [13, 4, -0.24], [13, 5, 0.37], [13, 6, 0.26], [13, 7, 0.44], [13, 8, 0.19], [13, 9, 0.35], [13, 10, 0.3], [13, 11, 0.14], [13, 12, 0.17], [13, 13, 1.0], [13, 14, 0.13], [13, 15, 0.06], [13, 16, 0.01], [14, 0, 0.09], [14, 1, 0.17], [14, 2, 0.17], [14, 3, 0.26], [14, 4, -0.3], [14, 5, 0.14], [14, 6, 0.15], [14, 7, 0.18], [14, 8, -0.08], [14, 9, 0.32], [14, 10, 0.08], [14, 11, 0.18], [14, 12, 0.18], [14, 13, 0.13], [14, 14, 1.0], [14, 15, 0.34], [14, 16, 0.75], [15, 0, -0.2], [15, 1, -0.29], [15, 2, -0.28], [15, 3, 0.22], [15, 4, 0.15], [15, 5, 0.11], [15, 6, 0.05], [15, 7, 0.33], [15, 8, 0.12], [15, 9, 0.17], [15, 10, 0.26], [15, 11, 0.25], [15, 12, -0.12], [15, 13, 0.06], [15, 14, 0.34], [15, 15, 1.0], [15, 16, 0.45], [16, 0, 0.26], [16, 1, -0.05], [16, 2, 0.07], [16, 3, 0.36], [16, 4, -0.12], [16, 5, 0.32], [16, 6, 0.13], [16, 7, 0.38], [16, 8, 0.05], [16, 9, 0.28], [16, 10, 0.2], [16, 11, 0.19], [16, 12, 0.2], [16, 13, 0.01], [16, 14, 0.75], [16, 15, 0.45], [16, 16, 1.0]]