[[0, 0, 1.0], [0, 1, 0.87], [0, 2, 0.97], [0, 3, 0.59], [0, 4, -0.14], [0, 5, 0.46], [0, 6, 0.65], [0, 7, 0.16], [0, 8, 0.58], [0, 9, -0.32], [0, 10, -0.78], [0, 11, -0.67], [0, 12, 0.2], [0, 13, -0.39], [0, 14, -0.54], [0, 15, -0.45], [0, 16, -0.55], [1, 0, 0.87], [1, 1, 1.0], [1, 2, 0.96], [1, 3, 0.51], [1, 4, -0.22], [1, 5, 0.3], [1, 6, 0.41], [1, 7, 0.08], [1, 8, 0.33], [1, 9, -0.18], [1, 10, -0.61], [1, 11, -0.51], [1, 12, 0.13], [1, 13, -0.36], [1, 14, -0.31], [1, 15, -0.29], [1, 16, -0.33], [2, 0, 0.97], [2, 1, 0.96], [2, 2, 1.0], [2, 3, 0.55], [2, 4, -0.18], [2, 5, 0.39], [2, 6, 0.57], [2, 7, 0.13], [2, 8, 0.51], [2, 9, -0.25], [2, 10, -0.72], [2, 11, -0.61], [2, 12, 0.21], [2, 13, -0.39], [2, 14, -0.43], [2, 15, -0.38], [2, 16, -0.43], [3, 0, 0.59], [3, 1, 0.51], [3, 2, 0.55], [3, 3, 1.0], [3, 4, -0.14], [3, 5, 0.81], [3, 6, 0.45], [3, 7, 0.27], [3, 8, 0.41], [3, 9, -0.5], [3, 10, -0.68], [3, 11, -0.55], [3, 12, -0.17], [3, 13, -0.62], [3, 14, -0.22], [3, 15, -0.53], [3, 16, -0.61], [4, 0, -0.14], [4, 1, -0.22], [4, 2, -0.18], [4, 3, -0.14], [4, 4, 1.0], [4, 5, 0.08], [4, 6, 0.11], [4, 7, 0.77], [4, 8, 0.38], [4, 9, 0.73], [4, 10, 0.17], [4, 11, 0.15], [4, 12, 0.16], [4, 13, 0.03], [4, 14, 0.3], [4, 15, 0.13], [4, 16, 0.27], [5, 0, 0.46], [5, 1, 0.3], [5, 2, 0.39], [5, 3, 0.81], [5, 4, 0.08], [5, 5, 1.0], [5, 6, 0.57], [5, 7, 0.52], [5, 8, 0.49], [5, 9, -0.41], [5, 10, -0.57], [5, 11, -0.45], [5, 12, -0.07], [5, 13, -0.4], [5, 14, -0.16], [5, 15, -0.35], [5, 16, -0.4], [6, 0, 0.65], [6, 1, 0.41], [6, 2, 0.57], [6, 3, 0.45], [6, 4, 0.11], [6, 5, 0.57], [6, 6, 1.0], [6, 7, 0.43], [6, 8, 0.8], [6, 9, -0.28], [6, 10, -0.68], [6, 11, -0.56], [6, 12, 0.08], [6, 13, -0.31], [6, 14, -0.23], [6, 15, -0.44], [6, 16, -0.24], [7, 0, 0.16], [7, 1, 0.08], [7, 2, 0.13], [7, 3, 0.27], [7, 4, 0.77], [7, 5, 0.52], [7, 6, 0.43], [7, 7, 1.0], [7, 8, 0.57], [7, 9, 0.38], [7, 10, -0.21], [7, 11, -0.1], [7, 12, 0.09], [7, 13, -0.12], [7, 14, 0.35], [7, 15, 0.07], [7, 16, 0.21], [8, 0, 0.58], [8, 1, 0.33], [8, 2, 0.51], [8, 3, 0.41], [8, 4, 0.38], [8, 5, 0.49], [8, 6, 0.8], [8, 7, 0.57], [8, 8, 1.0], [8, 9, -0.04], [8, 10, -0.58], [8, 11, -0.42], [8, 12, 0.43], [8, 13, -0.25], [8, 14, -0.11], [8, 15, -0.3], [8, 16, -0.16], [9, 0, -0.32], [9, 1, -0.18], [9, 2, -0.25], [9, 3, -0.5], [9, 4, 0.73], [9, 5, -0.41], [9, 6, -0.28], [9, 7, 0.38], [9, 8, -0.04], [9, 9, 1.0], [9, 10, 0.45], [9, 11, 0.4], [9, 12, 0.23], [9, 13, 0.27], [9, 14, 0.45], [9, 15, 0.4], [9, 16, 0.55], [10, 0, -0.78], [10, 1, -0.61], [10, 2, -0.72], [10, 3, -0.68], [10, 4, 0.17], [10, 5, -0.57], [10, 6, -0.68], [10, 7, -0.21], [10, 8, -0.58], [10, 9, 0.45], [10, 10, 1.0], [10, 11, 0.89], [10, 12, 0.1], [10, 13, 0.6], [10, 14, 0.58], [10, 15, 0.49], [10, 16, 0.64], [11, 0, -0.67], [11, 1, -0.51], [11, 2, -0.61], [11, 3, -0.55], [11, 4, 0.15], [11, 5, -0.45], [11, 6, -0.56], [11, 7, -0.1], [11, 8, -0.42], [11, 9, 0.4], [11, 10, 0.89], [11, 11, 1.0], [11, 12, 0.3], [11, 13, 0.63], [11, 14, 0.7], [11, 15, 0.35], [11, 16, 0.7], [12, 0, 0.2], [12, 1, 0.13], [12, 2, 0.21], [12, 3, -0.17], [12, 4, 0.16], [12, 5, -0.07], [12, 6, 0.08], [12, 7, 0.09], [12, 8, 0.43], [12, 9, 0.23], [12, 10, 0.1], [12, 11, 0.3], [12, 12, 1.0], [12, 13, 0.22], [12, 14, 0.11], [12, 15, 0.01], [12, 16, 0.27], [13, 0, -0.39], [13, 1, -0.36], [13, 2, -0.39], [13, 3, -0.62], [13, 4, 0.03], [13, 5, -0.4], [13, 6, -0.31], [13, 7, -0.12], [13, 8, -0.25], [13, 9, 0.27], [13, 10, 0.6], [13, 11, 0.63], [13, 12, 0.22], [13, 13, 1.0], [13, 14, 0.3], [13, 15, 0.63], [13, 16, 0.46], [14, 0, -0.54], [14, 1, -0.31], [14, 2, -0.43], [14, 3, -0.22], [14, 4, 0.3], [14, 5, -0.16], [14, 6, -0.23], [14, 7, 0.35], [14, 8, -0.11], [14, 9, 0.45], [14, 10, 0.58], [14, 11, 0.7], [14, 12, 0.11], [14, 13, 0.3], [14, 14, 1.0], [14, 15, 0.38], [14, 16, 0.82], [15, 0, -0.45], [15, 1, -0.29], [15, 2, -0.38], [15, 3, -0.53], [15, 4, 0.13], [15, 5, -0.35], [15, 6, -0.44], [15, 7, 0.07], [15, 8, -0.3], [15, 9, 0.4], [15, 10, 0.49], [15, 11, 0.35], [15, 12, 0.01], [15, 13, 0.63], [15, 14, 0.38], [15, 15, 1.0], [15, 16, 0.55], [16, 0, -0.55], [16, 1, -0.33], [16, 2, -0.43], [16, 3, -0.61], [16, 4, 0.27], [16, 5, -0.4], [16, 6, -0.24], [16, 7, 0.21], [16, 8, -0.16], [16, 9, 0.55], [16, 10, 0.64], [16, 11, 0.7], [16, 12, 0.27], [16, 13, 0.46], [16, 14, 0.82], [16, 15, 0.55], [16, 16, 1.0]]