[[0, 0, 1.0], [0, 1, 0.75], [0, 2, 0.86], [0, 3, 0.55], [0, 4, 0.34], [0, 5, 0.42], [0, 6, 0.75], [0, 7, 0.55], [0, 8, 0.6], [0, 9, 0.38], [0, 10, 0.17], [0, 11, 0.39], [0, 12, 0.36], [0, 13, 0.05], [0, 14, -0.11], [0, 15, -0.22], [0, 16, -0.23], [1, 0, 0.75], [1, 1, 1.0], [1, 2, 0.96], [1, 3, 0.43], [1, 4, 0.17], [1, 5, 0.29], [1, 6, 0.59], [1, 7, 0.27], [1, 8, 0.56], [1, 9, 0.18], [1, 10, 0.04], [1, 11, 0.25], [1, 12, 0.17], [1, 13, 0.25], [1, 14, -0.2], [1, 15, -0.14], [1, 16, -0.21], [2, 0, 0.86], [2, 1, 0.96], [2, 2, 1.0], [2, 3, 0.49], [2, 4, 0.27], [2, 5, 0.38], [2, 6, 0.7], [2, 7, 0.42], [2, 8, 0.63], [2, 9, 0.29], [2, 10, 0.12], [2, 11, 0.37], [2, 12, 0.27], [2, 13, 0.17], [2, 14, -0.23], [2, 15, -0.23], [2, 16, -0.28], [3, 0, 0.55], [3, 1, 0.43], [3, 2, 0.49], [3, 3, 1.0], [3, 4, 0.48], [3, 5, 0.77], [3, 6, 0.79], [3, 7, 0.83], [3, 8, 0.78], [3, 9, 0.42], [3, 10, 0.47], [3, 11, 0.44], [3, 12, 0.29], [3, 13, 0.05], [3, 14, 0.2], [3, 15, -0.27], [3, 16, 0.03], [4, 0, 0.34], [4, 1, 0.17], [4, 2, 0.27], [4, 3, 0.48], [4, 4, 1.0], [4, 5, 0.51], [4, 6, 0.64], [4, 7, 0.63], [4, 8, 0.67], [4, 9, 0.56], [4, 10, 0.42], [4, 11, 0.35], [4, 12, 0.2], [4, 13, -0.27], [4, 14, 0.29], [4, 15, -0.12], [4, 16, 0.06], [5, 0, 0.42], [5, 1, 0.29], [5, 2, 0.38], [5, 3, 0.77], [5, 4, 0.51], [5, 5, 1.0], [5, 6, 0.6], [5, 7, 0.67], [5, 8, 0.65], [5, 9, 0.25], [5, 10, 0.58], [5, 11, 0.4], [5, 12, 0.27], [5, 13, 0.05], [5, 14, 0.41], [5, 15, -0.15], [5, 16, 0.01], [6, 0, 0.75], [6, 1, 0.59], [6, 2, 0.7], [6, 3, 0.79], [6, 4, 0.64], [6, 5, 0.6], [6, 6, 1.0], [6, 7, 0.78], [6, 8, 0.86], [6, 9, 0.42], [6, 10, 0.32], [6, 11, 0.57], [6, 12, 0.41], [6, 13, 0.12], [6, 14, -0.05], [6, 15, -0.45], [6, 16, -0.12], [7, 0, 0.55], [7, 1, 0.27], [7, 2, 0.42], [7, 3, 0.83], [7, 4, 0.63], [7, 5, 0.67], [7, 6, 0.78], [7, 7, 1.0], [7, 8, 0.67], [7, 9, 0.61], [7, 10, 0.36], [7, 11, 0.41], [7, 12, 0.26], [7, 13, -0.01], [7, 14, 0.12], [7, 15, -0.33], [7, 16, -0.01], [8, 0, 0.6], [8, 1, 0.56], [8, 2, 0.63], [8, 3, 0.78], [8, 4, 0.67], [8, 5, 0.65], [8, 6, 0.86], [8, 7, 0.67], [8, 8, 1.0], [8, 9, 0.42], [8, 10, 0.42], [8, 11, 0.57], [8, 12, 0.44], [8, 13, -0.0], [8, 14, 0.06], [8, 15, -0.3], [8, 16, -0.27], [9, 0, 0.38], [9, 1, 0.18], [9, 2, 0.29], [9, 3, 0.42], [9, 4, 0.56], [9, 5, 0.25], [9, 6, 0.42], [9, 7, 0.61], [9, 8, 0.42], [9, 9, 1.0], [9, 10, 0.51], [9, 11, 0.33], [9, 12, 0.04], [9, 13, -0.35], [9, 14, 0.13], [9, 15, -0.4], [9, 16, -0.19], [10, 0, 0.17], [10, 1, 0.04], [10, 2, 0.12], [10, 3, 0.47], [10, 4, 0.42], [10, 5, 0.58], [10, 6, 0.32], [10, 7, 0.36], [10, 8, 0.42], [10, 9, 0.51], [10, 10, 1.0], [10, 11, 0.67], [10, 12, 0.21], [10, 13, -0.25], [10, 14, 0.37], [10, 15, -0.23], [10, 16, -0.13], [11, 0, 0.39], [11, 1, 0.25], [11, 2, 0.37], [11, 3, 0.44], [11, 4, 0.35], [11, 5, 0.4], [11, 6, 0.57], [11, 7, 0.41], [11, 8, 0.57], [11, 9, 0.33], [11, 10, 0.67], [11, 11, 1.0], [11, 12, 0.53], [11, 13, 0.0], [11, 14, 0.11], [11, 15, -0.49], [11, 16, -0.3], [12, 0, 0.36], [12, 1, 0.17], [12, 2, 0.27], [12, 3, 0.29], [12, 4, 0.2], [12, 5, 0.27], [12, 6, 0.41], [12, 7, 0.26], [12, 8, 0.44], [12, 9, 0.04], [12, 10, 0.21], [12, 11, 0.53], [12, 12, 1.0], [12, 13, 0.16], [12, 14, 0.18], [12, 15, -0.29], [12, 16, -0.16], [13, 0, 0.05], [13, 1, 0.25], [13, 2, 0.17], [13, 3, 0.05], [13, 4, -0.27], [13, 5, 0.05], [13, 6, 0.12], [13, 7, -0.01], [13, 8, -0.0], [13, 9, -0.35], [13, 10, -0.25], [13, 11, 0.0], [13, 12, 0.16], [13, 13, 1.0], [13, 14, -0.02], [13, 15, -0.21], [13, 16, 0.03], [14, 0, -0.11], [14, 1, -0.2], [14, 2, -0.23], [14, 3, 0.2], [14, 4, 0.29], [14, 5, 0.41], [14, 6, -0.05], [14, 7, 0.12], [14, 8, 0.06], [14, 9, 0.13], [14, 10, 0.37], [14, 11, 0.11], [14, 12, 0.18], [14, 13, -0.02], [14, 14, 1.0], [14, 15, 0.18], [14, 16, 0.51], [15, 0, -0.22], [15, 1, -0.14], [15, 2, -0.23], [15, 3, -0.27], [15, 4, -0.12], [15, 5, -0.15], [15, 6, -0.45], [15, 7, -0.33], [15, 8, -0.3], [15, 9, -0.4], [15, 10, -0.23], [15, 11, -0.49], [15, 12, -0.29], [15, 13, -0.21], [15, 14, 0.18], [15, 15, 1.0], [15, 16, 0.39], [16, 0, -0.23], [16, 1, -0.21], [16, 2, -0.28], [16, 3, 0.03], [16, 4, 0.06], [16, 5, 0.01], [16, 6, -0.12], [16, 7, -0.01], [16, 8, -0.27], [16, 9, -0.19], [16, 10, -0.13], [16, 11, -0.3], [16, 12, -0.16], [16, 13, 0.03], [16, 14, 0.51], [16, 15, 0.39], [16, 16, 1.0]]