[[0, 0, 1.0], [0, 1, 0.83], [0, 2, 0.92], [0, 3, -0.18], [0, 4, -0.51], [0, 5, 0.37], [0, 6, 0.2], [0, 7, -0.61], [0, 8, 0.55], [0, 9, -0.35], [0, 10, 0.27], [0, 11, 0.54], [0, 12, 0.55], [0, 13, 0.07], [0, 14, -0.38], [0, 15, -0.29], [0, 16, -0.49], [1, 0, 0.83], [1, 1, 1.0], [1, 2, 0.97], [1, 3, -0.04], [1, 4, -0.45], [1, 5, 0.49], [1, 6, 0.42], [1, 7, -0.52], [1, 8, 0.65], [1, 9, -0.3], [1, 10, 0.33], [1, 11, 0.54], [1, 12, 0.64], [1, 13, 0.24], [1, 14, -0.22], [1, 15, -0.16], [1, 16, -0.33], [2, 0, 0.92], [2, 1, 0.97], [2, 2, 1.0], [2, 3, -0.12], [2, 4, -0.49], [2, 5, 0.43], [2, 6, 0.32], [2, 7, -0.58], [2, 8, 0.63], [2, 9, -0.3], [2, 10, 0.34], [2, 11, 0.57], [2, 12, 0.62], [2, 13, 0.19], [2, 14, -0.31], [2, 15, -0.18], [2, 16, -0.39], [3, 0, -0.18], [3, 1, -0.04], [3, 2, -0.12], [3, 3, 1.0], [3, 4, -0.03], [3, 5, 0.61], [3, 6, 0.48], [3, 7, 0.61], [3, 8, 0.41], [3, 9, 0.53], [3, 10, -0.22], [3, 11, -0.13], [3, 12, 0.1], [3, 13, -0.31], [3, 14, 0.25], [3, 15, 0.17], [3, 16, 0.27], [4, 0, -0.51], [4, 1, -0.45], [4, 2, -0.49], [4, 3, -0.03], [4, 4, 1.0], [4, 5, -0.64], [4, 6, -0.07], [4, 7, 0.47], [4, 8, -0.38], [4, 9, 0.14], [4, 10, -0.54], [4, 11, -0.52], [4, 12, -0.2], [4, 13, -0.11], [4, 14, 0.38], [4, 15, -0.03], [4, 16, 0.46], [5, 0, 0.37], [5, 1, 0.49], [5, 2, 0.43], [5, 3, 0.61], [5, 4, -0.64], [5, 5, 1.0], [5, 6, 0.44], [5, 7, 0.03], [5, 8, 0.73], [5, 9, 0.09], [5, 10, 0.36], [5, 11, 0.48], [5, 12, 0.42], [5, 13, -0.07], [5, 14, -0.14], [5, 15, 0.11], [5, 16, -0.1], [6, 0, 0.2], [6, 1, 0.42], [6, 2, 0.32], [6, 3, 0.48], [6, 4, -0.07], [6, 5, 0.44], [6, 6, 1.0], [6, 7, 0.01], [6, 8, 0.64], [6, 9, -0.29], [6, 10, -0.08], [6, 11, 0.14], [6, 12, 0.34], [6, 13, 0.17], [6, 14, 0.16], [6, 15, 0.15], [6, 16, 0.02], [7, 0, -0.61], [7, 1, -0.52], [7, 2, -0.58], [7, 3, 0.61], [7, 4, 0.47], [7, 5, 0.03], [7, 6, 0.01], [7, 7, 1.0], [7, 8, -0.12], [7, 9, 0.69], [7, 10, -0.28], [7, 11, -0.35], [7, 12, -0.16], [7, 13, -0.36], [7, 14, 0.39], [7, 15, 0.38], [7, 16, 0.38], [8, 0, 0.55], [8, 1, 0.65], [8, 2, 0.63], [8, 3, 0.41], [8, 4, -0.38], [8, 5, 0.73], [8, 6, 0.64], [8, 7, -0.12], [8, 8, 1.0], [8, 9, -0.14], [8, 10, 0.36], [8, 11, 0.56], [8, 12, 0.44], [8, 13, -0.06], [8, 14, -0.22], [8, 15, 0.13], [8, 16, -0.13], [9, 0, -0.35], [9, 1, -0.3], [9, 2, -0.3], [9, 3, 0.53], [9, 4, 0.14], [9, 5, 0.09], [9, 6, -0.29], [9, 7, 0.69], [9, 8, -0.14], [9, 9, 1.0], [9, 10, 0.02], [9, 11, -0.22], [9, 12, -0.13], [9, 13, -0.43], [9, 14, 0.07], [9, 15, 0.15], [9, 16, 0.18], [10, 0, 0.27], [10, 1, 0.33], [10, 2, 0.34], [10, 3, -0.22], [10, 4, -0.54], [10, 5, 0.36], [10, 6, -0.08], [10, 7, -0.28], [10, 8, 0.36], [10, 9, 0.02], [10, 10, 1.0], [10, 11, 0.71], [10, 12, 0.14], [10, 13, 0.06], [10, 14, -0.59], [10, 15, 0.21], [10, 16, -0.39], [11, 0, 0.54], [11, 1, 0.54], [11, 2, 0.57], [11, 3, -0.13], [11, 4, -0.52], [11, 5, 0.48], [11, 6, 0.14], [11, 7, -0.35], [11, 8, 0.56], [11, 9, -0.22], [11, 10, 0.71], [11, 11, 1.0], [11, 12, 0.61], [11, 13, 0.13], [11, 14, -0.33], [11, 15, 0.04], [11, 16, -0.32], [12, 0, 0.55], [12, 1, 0.64], [12, 2, 0.62], [12, 3, 0.1], [12, 4, -0.2], [12, 5, 0.42], [12, 6, 0.34], [12, 7, -0.16], [12, 8, 0.44], [12, 9, -0.13], [12, 10, 0.14], [12, 11, 0.61], [12, 12, 1.0], [12, 13, 0.35], [12, 14, 0.02], [12, 15, -0.12], [12, 16, -0.03], [13, 0, 0.07], [13, 1, 0.24], [13, 2, 0.19], [13, 3, -0.31], [13, 4, -0.11], [13, 5, -0.07], [13, 6, 0.17], [13, 7, -0.36], [13, 8, -0.06], [13, 9, -0.43], [13, 10, 0.06], [13, 11, 0.13], [13, 12, 0.35], [13, 13, 1.0], [13, 14, -0.15], [13, 15, -0.2], [13, 16, -0.12], [14, 0, -0.38], [14, 1, -0.22], [14, 2, -0.31], [14, 3, 0.25], [14, 4, 0.38], [14, 5, -0.14], [14, 6, 0.16], [14, 7, 0.39], [14, 8, -0.22], [14, 9, 0.07], [14, 10, -0.59], [14, 11, -0.33], [14, 12, 0.02], [14, 13, -0.15], [14, 14, 1.0], [14, 15, 0.16], [14, 16, 0.68], [15, 0, -0.29], [15, 1, -0.16], [15, 2, -0.18], [15, 3, 0.17], [15, 4, -0.03], [15, 5, 0.11], [15, 6, 0.15], [15, 7, 0.38], [15, 8, 0.13], [15, 9, 0.15], [15, 10, 0.21], [15, 11, 0.04], [15, 12, -0.12], [15, 13, -0.2], [15, 14, 0.16], [15, 15, 1.0], [15, 16, 0.17], [16, 0, -0.49], [16, 1, -0.33], [16, 2, -0.39], [16, 3, 0.27], [16, 4, 0.46], [16, 5, -0.1], [16, 6, 0.02], [16, 7, 0.38], [16, 8, -0.13], [16, 9, 0.18], [16, 10, -0.39], [16, 11, -0.32], [16, 12, -0.03], [16, 13, -0.12], [16, 14, 0.68], [16, 15, 0.17], [16, 16, 1.0]]