[[0, 0, 1.0], [0, 1, 0.96], [0, 2, 0.98], [0, 3, 0.28], [0, 4, -0.05], [0, 5, 0.5], [0, 6, 0.35], [0, 7, 0.11], [0, 8, 0.75], [0, 9, -0.48], [0, 10, 0.58], [0, 11, 0.76], [0, 12, 0.74], [0, 13, 0.7], [0, 14, 0.75], [0, 15, 0.22], [0, 16, 0.28], [1, 0, 0.96], [1, 1, 1.0], [1, 2, 0.99], [1, 3, 0.25], [1, 4, -0.12], [1, 5, 0.45], [1, 6, 0.34], [1, 7, 0.09], [1, 8, 0.71], [1, 9, -0.53], [1, 10, 0.52], [1, 11, 0.71], [1, 12, 0.68], [1, 13, 0.63], [1, 14, 0.73], [1, 15, 0.21], [1, 16, 0.32], [2, 0, 0.98], [2, 1, 0.99], [2, 2, 1.0], [2, 3, 0.24], [2, 4, -0.12], [2, 5, 0.48], [2, 6, 0.33], [2, 7, 0.05], [2, 8, 0.73], [2, 9, -0.51], [2, 10, 0.54], [2, 11, 0.75], [2, 12, 0.73], [2, 13, 0.72], [2, 14, 0.75], [2, 15, 0.23], [2, 16, 0.28], [3, 0, 0.28], [3, 1, 0.25], [3, 2, 0.24], [3, 3, 1.0], [3, 4, 0.79], [3, 5, 0.76], [3, 6, 0.83], [3, 7, 0.9], [3, 8, 0.72], [3, 9, -0.12], [3, 10, 0.69], [3, 11, 0.24], [3, 12, 0.39], [3, 13, 0.0], [3, 14, 0.42], [3, 15, -0.04], [3, 16, 0.36], [4, 0, -0.05], [4, 1, -0.12], [4, 2, -0.12], [4, 3, 0.79], [4, 4, 1.0], [4, 5, 0.64], [4, 6, 0.64], [4, 7, 0.79], [4, 8, 0.48], [4, 9, 0.25], [4, 10, 0.43], [4, 11, -0.01], [4, 12, 0.26], [4, 13, -0.26], [4, 14, 0.19], [4, 15, 0.04], [4, 16, 0.26], [5, 0, 0.5], [5, 1, 0.45], [5, 2, 0.48], [5, 3, 0.76], [5, 4, 0.64], [5, 5, 1.0], [5, 6, 0.63], [5, 7, 0.56], [5, 8, 0.86], [5, 9, 0.0], [5, 10, 0.65], [5, 11, 0.42], [5, 12, 0.68], [5, 13, 0.27], [5, 14, 0.53], [5, 15, -0.05], [5, 16, 0.12], [6, 0, 0.35], [6, 1, 0.34], [6, 2, 0.33], [6, 3, 0.83], [6, 4, 0.64], [6, 5, 0.63], [6, 6, 1.0], [6, 7, 0.78], [6, 8, 0.75], [6, 9, -0.07], [6, 10, 0.43], [6, 11, 0.17], [6, 12, 0.43], [6, 13, 0.08], [6, 14, 0.46], [6, 15, 0.02], [6, 16, 0.28], [7, 0, 0.11], [7, 1, 0.09], [7, 2, 0.05], [7, 3, 0.9], [7, 4, 0.79], [7, 5, 0.56], [7, 6, 0.78], [7, 7, 1.0], [7, 8, 0.51], [7, 9, -0.11], [7, 10, 0.49], [7, 11, 0.01], [7, 12, 0.13], [7, 13, -0.31], [7, 14, 0.31], [7, 15, -0.1], [7, 16, 0.43], [8, 0, 0.75], [8, 1, 0.71], [8, 2, 0.73], [8, 3, 0.72], [8, 4, 0.48], [8, 5, 0.86], [8, 6, 0.75], [8, 7, 0.51], [8, 8, 1.0], [8, 9, -0.23], [8, 10, 0.72], [8, 11, 0.62], [8, 12, 0.78], [8, 13, 0.47], [8, 14, 0.76], [8, 15, 0.08], [8, 16, 0.26], [9, 0, -0.48], [9, 1, -0.53], [9, 2, -0.51], [9, 3, -0.12], [9, 4, 0.25], [9, 5, 0.0], [9, 6, -0.07], [9, 7, -0.11], [9, 8, -0.23], [9, 9, 1.0], [9, 10, -0.34], [9, 11, -0.53], [9, 12, -0.2], [9, 13, -0.37], [9, 14, -0.37], [9, 15, -0.29], [9, 16, -0.33], [10, 0, 0.58], [10, 1, 0.52], [10, 2, 0.54], [10, 3, 0.69], [10, 4, 0.43], [10, 5, 0.65], [10, 6, 0.43], [10, 7, 0.49], [10, 8, 0.72], [10, 9, -0.34], [10, 10, 1.0], [10, 11, 0.66], [10, 12, 0.65], [10, 13, 0.45], [10, 14, 0.66], [10, 15, 0.12], [10, 16, 0.46], [11, 0, 0.76], [11, 1, 0.71], [11, 2, 0.75], [11, 3, 0.24], [11, 4, -0.01], [11, 5, 0.42], [11, 6, 0.17], [11, 7, 0.01], [11, 8, 0.62], [11, 9, -0.53], [11, 10, 0.66], [11, 11, 1.0], [11, 12, 0.74], [11, 13, 0.73], [11, 14, 0.76], [11, 15, 0.31], [11, 16, 0.15], [12, 0, 0.74], [12, 1, 0.68], [12, 2, 0.73], [12, 3, 0.39], [12, 4, 0.26], [12, 5, 0.68], [12, 6, 0.43], [12, 7, 0.13], [12, 8, 0.78], [12, 9, -0.2], [12, 10, 0.65], [12, 11, 0.74], [12, 12, 1.0], [12, 13, 0.72], [12, 14, 0.66], [12, 15, 0.16], [12, 16, 0.06], [13, 0, 0.7], [13, 1, 0.63], [13, 2, 0.72], [13, 3, 0.0], [13, 4, -0.26], [13, 5, 0.27], [13, 6, 0.08], [13, 7, -0.31], [13, 8, 0.47], [13, 9, -0.37], [13, 10, 0.45], [13, 11, 0.73], [13, 12, 0.72], [13, 13, 1.0], [13, 14, 0.51], [13, 15, 0.33], [13, 16, -0.03], [14, 0, 0.75], [14, 1, 0.73], [14, 2, 0.75], [14, 3, 0.42], [14, 4, 0.19], [14, 5, 0.53], [14, 6, 0.46], [14, 7, 0.31], [14, 8, 0.76], [14, 9, -0.37], [14, 10, 0.66], [14, 11, 0.76], [14, 12, 0.66], [14, 13, 0.51], [14, 14, 1.0], [14, 15, 0.26], [14, 16, 0.46], [15, 0, 0.22], [15, 1, 0.21], [15, 2, 0.23], [15, 3, -0.04], [15, 4, 0.04], [15, 5, -0.05], [15, 6, 0.02], [15, 7, -0.1], [15, 8, 0.08], [15, 9, -0.29], [15, 10, 0.12], [15, 11, 0.31], [15, 12, 0.16], [15, 13, 0.33], [15, 14, 0.26], [15, 15, 1.0], [15, 16, 0.49], [16, 0, 0.28], [16, 1, 0.32], [16, 2, 0.28], [16, 3, 0.36], [16, 4, 0.26], [16, 5, 0.12], [16, 6, 0.28], [16, 7, 0.43], [16, 8, 0.26], [16, 9, -0.33], [16, 10, 0.46], [16, 11, 0.15], [16, 12, 0.06], [16, 13, -0.03], [16, 14, 0.46], [16, 15, 0.49], [16, 16, 1.0]]