[[0, 0, 1.0], [0, 1, 0.96], [0, 2, 0.98], [0, 3, 0.15], [0, 4, -0.11], [0, 5, 0.42], [0, 6, 0.29], [0, 7, -0.06], [0, 8, 0.68], [0, 9, -0.39], [0, 10, 0.44], [0, 11, 0.76], [0, 12, 0.76], [0, 13, 0.68], [0, 14, 0.77], [0, 15, 0.24], [0, 16, 0.2], [1, 0, 0.96], [1, 1, 1.0], [1, 2, 0.99], [1, 3, 0.11], [1, 4, -0.21], [1, 5, 0.36], [1, 6, 0.26], [1, 7, -0.09], [1, 8, 0.66], [1, 9, -0.43], [1, 10, 0.36], [1, 11, 0.71], [1, 12, 0.7], [1, 13, 0.61], [1, 14, 0.76], [1, 15, 0.19], [1, 16, 0.24], [2, 0, 0.98], [2, 1, 0.99], [2, 2, 1.0], [2, 3, 0.11], [2, 4, -0.2], [2, 5, 0.38], [2, 6, 0.26], [2, 7, -0.12], [2, 8, 0.67], [2, 9, -0.42], [2, 10, 0.38], [2, 11, 0.75], [2, 12, 0.75], [2, 13, 0.7], [2, 14, 0.77], [2, 15, 0.23], [2, 16, 0.19], [3, 0, 0.15], [3, 1, 0.11], [3, 2, 0.11], [3, 3, 1.0], [3, 4, 0.82], [3, 5, 0.77], [3, 6, 0.82], [3, 7, 0.91], [3, 8, 0.7], [3, 9, -0.12], [3, 10, 0.71], [3, 11, 0.16], [3, 12, 0.32], [3, 13, 0.03], [3, 14, 0.35], [3, 15, -0.05], [3, 16, 0.41], [4, 0, -0.11], [4, 1, -0.21], [4, 2, -0.2], [4, 3, 0.82], [4, 4, 1.0], [4, 5, 0.66], [4, 6, 0.68], [4, 7, 0.82], [4, 8, 0.47], [4, 9, 0.16], [4, 10, 0.56], [4, 11, -0.09], [4, 12, 0.18], [4, 13, -0.16], [4, 14, 0.16], [4, 15, 0.01], [4, 16, 0.35], [5, 0, 0.42], [5, 1, 0.36], [5, 2, 0.38], [5, 3, 0.77], [5, 4, 0.66], [5, 5, 1.0], [5, 6, 0.65], [5, 7, 0.57], [5, 8, 0.86], [5, 9, -0.0], [5, 10, 0.66], [5, 11, 0.36], [5, 12, 0.64], [5, 13, 0.31], [5, 14, 0.51], [5, 15, -0.06], [5, 16, 0.13], [6, 0, 0.29], [6, 1, 0.26], [6, 2, 0.26], [6, 3, 0.82], [6, 4, 0.68], [6, 5, 0.65], [6, 6, 1.0], [6, 7, 0.74], [6, 8, 0.73], [6, 9, -0.05], [6, 10, 0.46], [6, 11, 0.13], [6, 12, 0.42], [6, 13, 0.11], [6, 14, 0.44], [6, 15, 0.08], [6, 16, 0.31], [7, 0, -0.06], [7, 1, -0.09], [7, 2, -0.12], [7, 3, 0.91], [7, 4, 0.82], [7, 5, 0.57], [7, 6, 0.74], [7, 7, 1.0], [7, 8, 0.48], [7, 9, -0.12], [7, 10, 0.53], [7, 11, -0.08], [7, 12, 0.04], [7, 13, -0.26], [7, 14, 0.21], [7, 15, -0.06], [7, 16, 0.52], [8, 0, 0.68], [8, 1, 0.66], [8, 2, 0.67], [8, 3, 0.7], [8, 4, 0.47], [8, 5, 0.86], [8, 6, 0.73], [8, 7, 0.48], [8, 8, 1.0], [8, 9, -0.22], [8, 10, 0.66], [8, 11, 0.6], [8, 12, 0.75], [8, 13, 0.46], [8, 14, 0.76], [8, 15, 0.1], [8, 16, 0.31], [9, 0, -0.39], [9, 1, -0.43], [9, 2, -0.42], [9, 3, -0.12], [9, 4, 0.16], [9, 5, -0.0], [9, 6, -0.05], [9, 7, -0.12], [9, 8, -0.22], [9, 9, 1.0], [9, 10, -0.3], [9, 11, -0.56], [9, 12, -0.19], [9, 13, -0.29], [9, 14, -0.37], [9, 15, -0.37], [9, 16, -0.33], [10, 0, 0.44], [10, 1, 0.36], [10, 2, 0.38], [10, 3, 0.71], [10, 4, 0.56], [10, 5, 0.66], [10, 6, 0.46], [10, 7, 0.53], [10, 8, 0.66], [10, 9, -0.3], [10, 10, 1.0], [10, 11, 0.53], [10, 12, 0.56], [10, 13, 0.46], [10, 14, 0.58], [10, 15, 0.17], [10, 16, 0.51], [11, 0, 0.76], [11, 1, 0.71], [11, 2, 0.75], [11, 3, 0.16], [11, 4, -0.09], [11, 5, 0.36], [11, 6, 0.13], [11, 7, -0.08], [11, 8, 0.6], [11, 9, -0.56], [11, 10, 0.53], [11, 11, 1.0], [11, 12, 0.71], [11, 13, 0.7], [11, 14, 0.79], [11, 15, 0.32], [11, 16, 0.13], [12, 0, 0.76], [12, 1, 0.7], [12, 2, 0.75], [12, 3, 0.32], [12, 4, 0.18], [12, 5, 0.64], [12, 6, 0.42], [12, 7, 0.04], [12, 8, 0.75], [12, 9, -0.19], [12, 10, 0.56], [12, 11, 0.71], [12, 12, 1.0], [12, 13, 0.74], [12, 14, 0.68], [12, 15, 0.21], [12, 16, 0.09], [13, 0, 0.68], [13, 1, 0.61], [13, 2, 0.7], [13, 3, 0.03], [13, 4, -0.16], [13, 5, 0.31], [13, 6, 0.11], [13, 7, -0.26], [13, 8, 0.46], [13, 9, -0.29], [13, 10, 0.46], [13, 11, 0.7], [13, 12, 0.74], [13, 13, 1.0], [13, 14, 0.54], [13, 15, 0.44], [13, 16, 0.02], [14, 0, 0.77], [14, 1, 0.76], [14, 2, 0.77], [14, 3, 0.35], [14, 4, 0.16], [14, 5, 0.51], [14, 6, 0.44], [14, 7, 0.21], [14, 8, 0.76], [14, 9, -0.37], [14, 10, 0.58], [14, 11, 0.79], [14, 12, 0.68], [14, 13, 0.54], [14, 14, 1.0], [14, 15, 0.21], [14, 16, 0.4], [15, 0, 0.24], [15, 1, 0.19], [15, 2, 0.23], [15, 3, -0.05], [15, 4, 0.01], [15, 5, -0.06], [15, 6, 0.08], [15, 7, -0.06], [15, 8, 0.1], [15, 9, -0.37], [15, 10, 0.17], [15, 11, 0.32], [15, 12, 0.21], [15, 13, 0.44], [15, 14, 0.21], [15, 15, 1.0], [15, 16, 0.47], [16, 0, 0.2], [16, 1, 0.24], [16, 2, 0.19], [16, 3, 0.41], [16, 4, 0.35], [16, 5, 0.13], [16, 6, 0.31], [16, 7, 0.52], [16, 8, 0.31], [16, 9, -0.33], [16, 10, 0.51], [16, 11, 0.13], [16, 12, 0.09], [16, 13, 0.02], [16, 14, 0.4], [16, 15, 0.47], [16, 16, 1.0]]