[[0, 0, 1.0], [0, 1, 0.95], [0, 2, 0.99], [0, 3, 0.39], [0, 4, -0.0], [0, 5, 0.58], [0, 6, 0.38], [0, 7, 0.16], [0, 8, 0.78], [0, 9, -0.51], [0, 10, 0.77], [0, 11, 0.8], [0, 12, 0.82], [0, 13, 0.81], [0, 14, 0.73], [0, 15, 0.23], [0, 16, 0.28], [1, 0, 0.95], [1, 1, 1.0], [1, 2, 0.98], [1, 3, 0.36], [1, 4, -0.02], [1, 5, 0.5], [1, 6, 0.4], [1, 7, 0.17], [1, 8, 0.74], [1, 9, -0.54], [1, 10, 0.68], [1, 11, 0.73], [1, 12, 0.73], [1, 13, 0.71], [1, 14, 0.72], [1, 15, 0.21], [1, 16, 0.35], [2, 0, 0.99], [2, 1, 0.98], [2, 2, 1.0], [2, 3, 0.36], [2, 4, -0.04], [2, 5, 0.54], [2, 6, 0.37], [2, 7, 0.14], [2, 8, 0.76], [2, 9, -0.53], [2, 10, 0.73], [2, 11, 0.81], [2, 12, 0.79], [2, 13, 0.79], [2, 14, 0.74], [2, 15, 0.23], [2, 16, 0.3], [3, 0, 0.39], [3, 1, 0.36], [3, 2, 0.36], [3, 3, 1.0], [3, 4, 0.71], [3, 5, 0.81], [3, 6, 0.87], [3, 7, 0.91], [3, 8, 0.78], [3, 9, -0.12], [3, 10, 0.64], [3, 11, 0.23], [3, 12, 0.37], [3, 13, -0.02], [3, 14, 0.46], [3, 15, 0.17], [3, 16, 0.34], [4, 0, -0.0], [4, 1, -0.02], [4, 2, -0.04], [4, 3, 0.71], [4, 4, 1.0], [4, 5, 0.62], [4, 6, 0.64], [4, 7, 0.73], [4, 8, 0.48], [4, 9, 0.27], [4, 10, 0.32], [4, 11, -0.08], [4, 12, 0.25], [4, 13, -0.25], [4, 14, 0.21], [4, 15, 0.09], [4, 16, 0.26], [5, 0, 0.58], [5, 1, 0.5], [5, 2, 0.54], [5, 3, 0.81], [5, 4, 0.62], [5, 5, 1.0], [5, 6, 0.72], [5, 7, 0.63], [5, 8, 0.88], [5, 9, 0.02], [5, 10, 0.67], [5, 11, 0.43], [5, 12, 0.67], [5, 13, 0.3], [5, 14, 0.56], [5, 15, 0.09], [5, 16, 0.1], [6, 0, 0.38], [6, 1, 0.4], [6, 2, 0.37], [6, 3, 0.87], [6, 4, 0.64], [6, 5, 0.72], [6, 6, 1.0], [6, 7, 0.82], [6, 8, 0.81], [6, 9, -0.08], [6, 10, 0.44], [6, 11, 0.16], [6, 12, 0.41], [6, 13, 0.01], [6, 14, 0.44], [6, 15, 0.16], [6, 16, 0.31], [7, 0, 0.16], [7, 1, 0.17], [7, 2, 0.14], [7, 3, 0.91], [7, 4, 0.73], [7, 5, 0.63], [7, 6, 0.82], [7, 7, 1.0], [7, 8, 0.59], [7, 9, -0.11], [7, 10, 0.45], [7, 11, -0.0], [7, 12, 0.14], [7, 13, -0.33], [7, 14, 0.32], [7, 15, 0.12], [7, 16, 0.41], [8, 0, 0.78], [8, 1, 0.74], [8, 2, 0.76], [8, 3, 0.78], [8, 4, 0.48], [8, 5, 0.88], [8, 6, 0.81], [8, 7, 0.59], [8, 8, 1.0], [8, 9, -0.24], [8, 10, 0.75], [8, 11, 0.61], [8, 12, 0.75], [8, 13, 0.47], [8, 14, 0.76], [8, 15, 0.17], [8, 16, 0.24], [9, 0, -0.51], [9, 1, -0.54], [9, 2, -0.53], [9, 3, -0.12], [9, 4, 0.27], [9, 5, 0.02], [9, 6, -0.08], [9, 7, -0.11], [9, 8, -0.24], [9, 9, 1.0], [9, 10, -0.4], [9, 11, -0.58], [9, 12, -0.19], [9, 13, -0.4], [9, 14, -0.41], [9, 15, -0.42], [9, 16, -0.36], [10, 0, 0.77], [10, 1, 0.68], [10, 2, 0.73], [10, 3, 0.64], [10, 4, 0.32], [10, 5, 0.67], [10, 6, 0.44], [10, 7, 0.45], [10, 8, 0.75], [10, 9, -0.4], [10, 10, 1.0], [10, 11, 0.67], [10, 12, 0.67], [10, 13, 0.54], [10, 14, 0.74], [10, 15, 0.16], [10, 16, 0.44], [11, 0, 0.8], [11, 1, 0.73], [11, 2, 0.81], [11, 3, 0.23], [11, 4, -0.08], [11, 5, 0.43], [11, 6, 0.16], [11, 7, -0.0], [11, 8, 0.61], [11, 9, -0.58], [11, 10, 0.67], [11, 11, 1.0], [11, 12, 0.72], [11, 13, 0.78], [11, 14, 0.76], [11, 15, 0.28], [11, 16, 0.08], [12, 0, 0.82], [12, 1, 0.73], [12, 2, 0.79], [12, 3, 0.37], [12, 4, 0.25], [12, 5, 0.67], [12, 6, 0.41], [12, 7, 0.14], [12, 8, 0.75], [12, 9, -0.19], [12, 10, 0.67], [12, 11, 0.72], [12, 12, 1.0], [12, 13, 0.72], [12, 14, 0.63], [12, 15, 0.16], [12, 16, 0.08], [13, 0, 0.81], [13, 1, 0.71], [13, 2, 0.79], [13, 3, -0.02], [13, 4, -0.25], [13, 5, 0.3], [13, 6, 0.01], [13, 7, -0.33], [13, 8, 0.47], [13, 9, -0.4], [13, 10, 0.54], [13, 11, 0.78], [13, 12, 0.72], [13, 13, 1.0], [13, 14, 0.54], [13, 15, 0.26], [13, 16, 0.06], [14, 0, 0.73], [14, 1, 0.72], [14, 2, 0.74], [14, 3, 0.46], [14, 4, 0.21], [14, 5, 0.56], [14, 6, 0.44], [14, 7, 0.32], [14, 8, 0.76], [14, 9, -0.41], [14, 10, 0.74], [14, 11, 0.76], [14, 12, 0.63], [14, 13, 0.54], [14, 14, 1.0], [14, 15, 0.23], [14, 16, 0.45], [15, 0, 0.23], [15, 1, 0.21], [15, 2, 0.23], [15, 3, 0.17], [15, 4, 0.09], [15, 5, 0.09], [15, 6, 0.16], [15, 7, 0.12], [15, 8, 0.17], [15, 9, -0.42], [15, 10, 0.16], [15, 11, 0.28], [15, 12, 0.16], [15, 13, 0.26], [15, 14, 0.23], [15, 15, 1.0], [15, 16, 0.41], [16, 0, 0.28], [16, 1, 0.35], [16, 2, 0.3], [16, 3, 0.34], [16, 4, 0.26], [16, 5, 0.1], [16, 6, 0.31], [16, 7, 0.41], [16, 8, 0.24], [16, 9, -0.36], [16, 10, 0.44], [16, 11, 0.08], [16, 12, 0.08], [16, 13, 0.06], [16, 14, 0.45], [16, 15, 0.41], [16, 16, 1.0]]