[[0, 0, 1.0], [0, 1, 0.85], [0, 2, 0.96], [0, 3, 0.48], [0, 4, -0.18], [0, 5, 0.4], [0, 6, 0.54], [0, 7, 0.07], [0, 8, 0.55], [0, 9, -0.29], [0, 10, -0.72], [0, 11, -0.56], [0, 12, 0.37], [0, 13, -0.25], [0, 14, -0.52], [0, 15, -0.43], [0, 16, -0.49], [1, 0, 0.85], [1, 1, 1.0], [1, 2, 0.95], [1, 3, 0.34], [1, 4, -0.28], [1, 5, 0.18], [1, 6, 0.29], [1, 7, -0.04], [1, 8, 0.27], [1, 9, -0.15], [1, 10, -0.5], [1, 11, -0.37], [1, 12, 0.34], [1, 13, -0.17], [1, 14, -0.28], [1, 15, -0.23], [1, 16, -0.24], [2, 0, 0.96], [2, 1, 0.95], [2, 2, 1.0], [2, 3, 0.42], [2, 4, -0.21], [2, 5, 0.31], [2, 6, 0.47], [2, 7, 0.04], [2, 8, 0.47], [2, 9, -0.21], [2, 10, -0.65], [2, 11, -0.49], [2, 12, 0.41], [2, 13, -0.22], [2, 14, -0.41], [2, 15, -0.33], [2, 16, -0.36], [3, 0, 0.48], [3, 1, 0.34], [3, 2, 0.42], [3, 3, 1.0], [3, 4, -0.16], [3, 5, 0.77], [3, 6, 0.48], [3, 7, 0.17], [3, 8, 0.44], [3, 9, -0.54], [3, 10, -0.54], [3, 11, -0.32], [3, 12, 0.08], [3, 13, -0.48], [3, 14, -0.12], [3, 15, -0.67], [3, 16, -0.49], [4, 0, -0.18], [4, 1, -0.28], [4, 2, -0.21], [4, 3, -0.16], [4, 4, 1.0], [4, 5, 0.06], [4, 6, 0.24], [4, 7, 0.79], [4, 8, 0.43], [4, 9, 0.73], [4, 10, 0.19], [4, 11, 0.19], [4, 12, 0.17], [4, 13, 0.0], [4, 14, 0.35], [4, 15, 0.07], [4, 16, 0.34], [5, 0, 0.4], [5, 1, 0.18], [5, 2, 0.31], [5, 3, 0.77], [5, 4, 0.06], [5, 5, 1.0], [5, 6, 0.61], [5, 7, 0.47], [5, 8, 0.54], [5, 9, -0.43], [5, 10, -0.49], [5, 11, -0.28], [5, 12, 0.09], [5, 13, -0.34], [5, 14, -0.08], [5, 15, -0.47], [5, 16, -0.28], [6, 0, 0.54], [6, 1, 0.29], [6, 2, 0.47], [6, 3, 0.48], [6, 4, 0.24], [6, 5, 0.61], [6, 6, 1.0], [6, 7, 0.53], [6, 8, 0.78], [6, 9, -0.15], [6, 10, -0.62], [6, 11, -0.42], [6, 12, 0.1], [6, 13, -0.13], [6, 14, -0.1], [6, 15, -0.27], [6, 16, -0.15], [7, 0, 0.07], [7, 1, -0.04], [7, 2, 0.04], [7, 3, 0.17], [7, 4, 0.79], [7, 5, 0.47], [7, 6, 0.53], [7, 7, 1.0], [7, 8, 0.63], [7, 9, 0.42], [7, 10, -0.12], [7, 11, 0.05], [7, 12, 0.2], [7, 13, -0.06], [7, 14, 0.44], [7, 15, 0.04], [7, 16, 0.37], [8, 0, 0.55], [8, 1, 0.27], [8, 2, 0.47], [8, 3, 0.44], [8, 4, 0.43], [8, 5, 0.54], [8, 6, 0.78], [8, 7, 0.63], [8, 8, 1.0], [8, 9, 0.04], [8, 10, -0.57], [8, 11, -0.34], [8, 12, 0.47], [8, 13, -0.16], [8, 14, -0.04], [8, 15, -0.2], [8, 16, -0.11], [9, 0, -0.29], [9, 1, -0.15], [9, 2, -0.21], [9, 3, -0.54], [9, 4, 0.73], [9, 5, -0.43], [9, 6, -0.15], [9, 7, 0.42], [9, 8, 0.04], [9, 9, 1.0], [9, 10, 0.43], [9, 11, 0.39], [9, 12, 0.21], [9, 13, 0.17], [9, 14, 0.46], [9, 15, 0.31], [9, 16, 0.59], [10, 0, -0.72], [10, 1, -0.5], [10, 2, -0.65], [10, 3, -0.54], [10, 4, 0.19], [10, 5, -0.49], [10, 6, -0.62], [10, 7, -0.12], [10, 8, -0.57], [10, 9, 0.43], [10, 10, 1.0], [10, 11, 0.84], [10, 12, -0.14], [10, 13, 0.38], [10, 14, 0.59], [10, 15, 0.44], [10, 16, 0.59], [11, 0, -0.56], [11, 1, -0.37], [11, 2, -0.49], [11, 3, -0.32], [11, 4, 0.19], [11, 5, -0.28], [11, 6, -0.42], [11, 7, 0.05], [11, 8, -0.34], [11, 9, 0.39], [11, 10, 0.84], [11, 11, 1.0], [11, 12, 0.11], [11, 13, 0.44], [11, 14, 0.72], [11, 15, 0.28], [11, 16, 0.66], [12, 0, 0.37], [12, 1, 0.34], [12, 2, 0.41], [12, 3, 0.08], [12, 4, 0.17], [12, 5, 0.09], [12, 6, 0.1], [12, 7, 0.2], [12, 8, 0.47], [12, 9, 0.21], [12, 10, -0.14], [12, 11, 0.11], [12, 12, 1.0], [12, 13, 0.05], [12, 14, 0.03], [12, 15, -0.04], [12, 16, 0.13], [13, 0, -0.25], [13, 1, -0.17], [13, 2, -0.22], [13, 3, -0.48], [13, 4, 0.0], [13, 5, -0.34], [13, 6, -0.13], [13, 7, -0.06], [13, 8, -0.16], [13, 9, 0.17], [13, 10, 0.38], [13, 11, 0.44], [13, 12, 0.05], [13, 13, 1.0], [13, 14, 0.26], [13, 15, 0.51], [13, 16, 0.41], [14, 0, -0.52], [14, 1, -0.28], [14, 2, -0.41], [14, 3, -0.12], [14, 4, 0.35], [14, 5, -0.08], [14, 6, -0.1], [14, 7, 0.44], [14, 8, -0.04], [14, 9, 0.46], [14, 10, 0.59], [14, 11, 0.72], [14, 12, 0.03], [14, 13, 0.26], [14, 14, 1.0], [14, 15, 0.43], [14, 16, 0.83], [15, 0, -0.43], [15, 1, -0.23], [15, 2, -0.33], [15, 3, -0.67], [15, 4, 0.07], [15, 5, -0.47], [15, 6, -0.27], [15, 7, 0.04], [15, 8, -0.2], [15, 9, 0.31], [15, 10, 0.44], [15, 11, 0.28], [15, 12, -0.04], [15, 13, 0.51], [15, 14, 0.43], [15, 15, 1.0], [15, 16, 0.7], [16, 0, -0.49], [16, 1, -0.24], [16, 2, -0.36], [16, 3, -0.49], [16, 4, 0.34], [16, 5, -0.28], [16, 6, -0.15], [16, 7, 0.37], [16, 8, -0.11], [16, 9, 0.59], [16, 10, 0.59], [16, 11, 0.66], [16, 12, 0.13], [16, 13, 0.41], [16, 14, 0.83], [16, 15, 0.7], [16, 16, 1.0]]