[[0, 0, 1.0], [0, 1, 0.84], [0, 2, 0.96], [0, 3, 0.62], [0, 4, -0.16], [0, 5, 0.52], [0, 6, 0.54], [0, 7, 0.11], [0, 8, 0.44], [0, 9, -0.42], [0, 10, -0.78], [0, 11, -0.65], [0, 12, 0.16], [0, 13, -0.41], [0, 14, -0.64], [0, 15, -0.49], [0, 16, -0.63], [1, 0, 0.84], [1, 1, 1.0], [1, 2, 0.95], [1, 3, 0.49], [1, 4, -0.12], [1, 5, 0.36], [1, 6, 0.35], [1, 7, 0.06], [1, 8, 0.34], [1, 9, -0.21], [1, 10, -0.54], [1, 11, -0.41], [1, 12, 0.12], [1, 13, -0.32], [1, 14, -0.38], [1, 15, -0.3], [1, 16, -0.36], [2, 0, 0.96], [2, 1, 0.95], [2, 2, 1.0], [2, 3, 0.56], [2, 4, -0.13], [2, 5, 0.47], [2, 6, 0.49], [2, 7, 0.1], [2, 8, 0.44], [2, 9, -0.31], [2, 10, -0.69], [2, 11, -0.55], [2, 12, 0.19], [2, 13, -0.38], [2, 14, -0.52], [2, 15, -0.41], [2, 16, -0.49], [3, 0, 0.62], [3, 1, 0.49], [3, 2, 0.56], [3, 3, 1.0], [3, 4, -0.15], [3, 5, 0.79], [3, 6, 0.34], [3, 7, 0.23], [3, 8, 0.24], [3, 9, -0.54], [3, 10, -0.67], [3, 11, -0.58], [3, 12, -0.27], [3, 13, -0.65], [3, 14, -0.23], [3, 15, -0.53], [3, 16, -0.64], [4, 0, -0.16], [4, 1, -0.12], [4, 2, -0.13], [4, 3, -0.15], [4, 4, 1.0], [4, 5, 0.17], [4, 6, 0.11], [4, 7, 0.71], [4, 8, 0.54], [4, 9, 0.68], [4, 10, 0.3], [4, 11, 0.28], [4, 12, 0.26], [4, 13, 0.07], [4, 14, 0.3], [4, 15, 0.13], [4, 16, 0.28], [5, 0, 0.52], [5, 1, 0.36], [5, 2, 0.47], [5, 3, 0.79], [5, 4, 0.17], [5, 5, 1.0], [5, 6, 0.55], [5, 7, 0.55], [5, 8, 0.47], [5, 9, -0.35], [5, 10, -0.51], [5, 11, -0.42], [5, 12, -0.12], [5, 13, -0.39], [5, 14, -0.11], [5, 15, -0.32], [5, 16, -0.38], [6, 0, 0.54], [6, 1, 0.35], [6, 2, 0.49], [6, 3, 0.34], [6, 4, 0.11], [6, 5, 0.55], [6, 6, 1.0], [6, 7, 0.42], [6, 8, 0.73], [6, 9, -0.2], [6, 10, -0.56], [6, 11, -0.36], [6, 12, 0.12], [6, 13, -0.15], [6, 14, -0.27], [6, 15, -0.4], [6, 16, -0.18], [7, 0, 0.11], [7, 1, 0.06], [7, 2, 0.1], [7, 3, 0.23], [7, 4, 0.71], [7, 5, 0.55], [7, 6, 0.42], [7, 7, 1.0], [7, 8, 0.54], [7, 9, 0.39], [7, 10, -0.15], [7, 11, -0.03], [7, 12, 0.11], [7, 13, -0.08], [7, 14, 0.34], [7, 15, 0.08], [7, 16, 0.22], [8, 0, 0.44], [8, 1, 0.34], [8, 2, 0.44], [8, 3, 0.24], [8, 4, 0.54], [8, 5, 0.47], [8, 6, 0.73], [8, 7, 0.54], [8, 8, 1.0], [8, 9, 0.1], [8, 10, -0.28], [8, 11, -0.11], [8, 12, 0.46], [8, 13, -0.08], [8, 14, -0.07], [8, 15, -0.2], [8, 16, -0.05], [9, 0, -0.42], [9, 1, -0.21], [9, 2, -0.31], [9, 3, -0.54], [9, 4, 0.68], [9, 5, -0.35], [9, 6, -0.2], [9, 7, 0.39], [9, 8, 0.1], [9, 9, 1.0], [9, 10, 0.49], [9, 11, 0.5], [9, 12, 0.34], [9, 13, 0.35], [9, 14, 0.42], [9, 15, 0.39], [9, 16, 0.57], [10, 0, -0.78], [10, 1, -0.54], [10, 2, -0.69], [10, 3, -0.67], [10, 4, 0.3], [10, 5, -0.51], [10, 6, -0.56], [10, 7, -0.15], [10, 8, -0.28], [10, 9, 0.49], [10, 10, 1.0], [10, 11, 0.89], [10, 12, 0.18], [10, 13, 0.6], [10, 14, 0.6], [10, 15, 0.49], [10, 16, 0.65], [11, 0, -0.65], [11, 1, -0.41], [11, 2, -0.55], [11, 3, -0.58], [11, 4, 0.28], [11, 5, -0.42], [11, 6, -0.36], [11, 7, -0.03], [11, 8, -0.11], [11, 9, 0.5], [11, 10, 0.89], [11, 11, 1.0], [11, 12, 0.39], [11, 13, 0.66], [11, 14, 0.7], [11, 15, 0.37], [11, 16, 0.74], [12, 0, 0.16], [12, 1, 0.12], [12, 2, 0.19], [12, 3, -0.27], [12, 4, 0.26], [12, 5, -0.12], [12, 6, 0.12], [12, 7, 0.11], [12, 8, 0.46], [12, 9, 0.34], [12, 10, 0.18], [12, 11, 0.39], [12, 12, 1.0], [12, 13, 0.3], [12, 14, 0.11], [12, 15, 0.08], [12, 16, 0.31], [13, 0, -0.41], [13, 1, -0.32], [13, 2, -0.38], [13, 3, -0.65], [13, 4, 0.07], [13, 5, -0.39], [13, 6, -0.15], [13, 7, -0.08], [13, 8, -0.08], [13, 9, 0.35], [13, 10, 0.6], [13, 11, 0.66], [13, 12, 0.3], [13, 13, 1.0], [13, 14, 0.3], [13, 15, 0.63], [13, 16, 0.51], [14, 0, -0.64], [14, 1, -0.38], [14, 2, -0.52], [14, 3, -0.23], [14, 4, 0.3], [14, 5, -0.11], [14, 6, -0.27], [14, 7, 0.34], [14, 8, -0.07], [14, 9, 0.42], [14, 10, 0.6], [14, 11, 0.7], [14, 12, 0.11], [14, 13, 0.3], [14, 14, 1.0], [14, 15, 0.38], [14, 16, 0.8], [15, 0, -0.49], [15, 1, -0.3], [15, 2, -0.41], [15, 3, -0.53], [15, 4, 0.13], [15, 5, -0.32], [15, 6, -0.4], [15, 7, 0.08], [15, 8, -0.2], [15, 9, 0.39], [15, 10, 0.49], [15, 11, 0.37], [15, 12, 0.08], [15, 13, 0.63], [15, 14, 0.38], [15, 15, 1.0], [15, 16, 0.56], [16, 0, -0.63], [16, 1, -0.36], [16, 2, -0.49], [16, 3, -0.64], [16, 4, 0.28], [16, 5, -0.38], [16, 6, -0.18], [16, 7, 0.22], [16, 8, -0.05], [16, 9, 0.57], [16, 10, 0.65], [16, 11, 0.74], [16, 12, 0.31], [16, 13, 0.51], [16, 14, 0.8], [16, 15, 0.56], [16, 16, 1.0]]