[[0, 0, 1.0], [0, 1, 0.77], [0, 2, 0.87], [0, 3, 0.54], [0, 4, 0.29], [0, 5, 0.46], [0, 6, 0.76], [0, 7, 0.49], [0, 8, 0.56], [0, 9, 0.34], [0, 10, 0.16], [0, 11, 0.36], [0, 12, 0.22], [0, 13, 0.07], [0, 14, -0.19], [0, 15, -0.18], [0, 16, -0.34], [1, 0, 0.77], [1, 1, 1.0], [1, 2, 0.96], [1, 3, 0.37], [1, 4, 0.15], [1, 5, 0.36], [1, 6, 0.54], [1, 7, 0.15], [1, 8, 0.5], [1, 9, 0.15], [1, 10, 0.09], [1, 11, 0.22], [1, 12, -0.06], [1, 13, 0.22], [1, 14, -0.29], [1, 15, -0.03], [1, 16, -0.4], [2, 0, 0.87], [2, 1, 0.96], [2, 2, 1.0], [2, 3, 0.45], [2, 4, 0.25], [2, 5, 0.45], [2, 6, 0.66], [2, 7, 0.31], [2, 8, 0.58], [2, 9, 0.27], [2, 10, 0.15], [2, 11, 0.33], [2, 12, 0.07], [2, 13, 0.13], [2, 14, -0.36], [2, 15, -0.13], [2, 16, -0.46], [3, 0, 0.54], [3, 1, 0.37], [3, 2, 0.45], [3, 3, 1.0], [3, 4, 0.42], [3, 5, 0.82], [3, 6, 0.76], [3, 7, 0.76], [3, 8, 0.73], [3, 9, 0.41], [3, 10, 0.51], [3, 11, 0.43], [3, 12, 0.13], [3, 13, 0.04], [3, 14, 0.08], [3, 15, -0.22], [3, 16, -0.16], [4, 0, 0.29], [4, 1, 0.15], [4, 2, 0.25], [4, 3, 0.42], [4, 4, 1.0], [4, 5, 0.31], [4, 6, 0.57], [4, 7, 0.53], [4, 8, 0.69], [4, 9, 0.68], [4, 10, 0.46], [4, 11, 0.38], [4, 12, 0.34], [4, 13, -0.37], [4, 14, -0.16], [4, 15, -0.16], [4, 16, -0.17], [5, 0, 0.46], [5, 1, 0.36], [5, 2, 0.45], [5, 3, 0.82], [5, 4, 0.31], [5, 5, 1.0], [5, 6, 0.61], [5, 7, 0.55], [5, 8, 0.63], [5, 9, 0.27], [5, 10, 0.59], [5, 11, 0.43], [5, 12, 0.23], [5, 13, 0.09], [5, 14, 0.04], [5, 15, -0.17], [5, 16, -0.28], [6, 0, 0.76], [6, 1, 0.54], [6, 2, 0.66], [6, 3, 0.76], [6, 4, 0.57], [6, 5, 0.61], [6, 6, 1.0], [6, 7, 0.72], [6, 8, 0.81], [6, 9, 0.39], [6, 10, 0.34], [6, 11, 0.58], [6, 12, 0.24], [6, 13, 0.15], [6, 14, -0.18], [6, 15, -0.43], [6, 16, -0.3], [7, 0, 0.49], [7, 1, 0.15], [7, 2, 0.31], [7, 3, 0.76], [7, 4, 0.53], [7, 5, 0.55], [7, 6, 0.72], [7, 7, 1.0], [7, 8, 0.6], [7, 9, 0.59], [7, 10, 0.38], [7, 11, 0.46], [7, 12, 0.26], [7, 13, 0.01], [7, 14, 0.02], [7, 15, -0.39], [7, 16, -0.11], [8, 0, 0.56], [8, 1, 0.5], [8, 2, 0.58], [8, 3, 0.73], [8, 4, 0.69], [8, 5, 0.63], [8, 6, 0.81], [8, 7, 0.6], [8, 8, 1.0], [8, 9, 0.46], [8, 10, 0.47], [8, 11, 0.55], [8, 12, 0.42], [8, 13, -0.09], [8, 14, -0.13], [8, 15, -0.26], [8, 16, -0.44], [9, 0, 0.34], [9, 1, 0.15], [9, 2, 0.27], [9, 3, 0.41], [9, 4, 0.68], [9, 5, 0.27], [9, 6, 0.39], [9, 7, 0.59], [9, 8, 0.46], [9, 9, 1.0], [9, 10, 0.54], [9, 11, 0.3], [9, 12, 0.11], [9, 13, -0.41], [9, 14, 0.08], [9, 15, -0.36], [9, 16, -0.21], [10, 0, 0.16], [10, 1, 0.09], [10, 2, 0.15], [10, 3, 0.51], [10, 4, 0.46], [10, 5, 0.59], [10, 6, 0.34], [10, 7, 0.38], [10, 8, 0.47], [10, 9, 0.54], [10, 10, 1.0], [10, 11, 0.67], [10, 12, 0.33], [10, 13, -0.26], [10, 14, 0.34], [10, 15, -0.27], [10, 16, -0.14], [11, 0, 0.36], [11, 1, 0.22], [11, 2, 0.33], [11, 3, 0.43], [11, 4, 0.38], [11, 5, 0.43], [11, 6, 0.58], [11, 7, 0.46], [11, 8, 0.55], [11, 9, 0.3], [11, 10, 0.67], [11, 11, 1.0], [11, 12, 0.51], [11, 13, 0.03], [11, 14, 0.24], [11, 15, -0.51], [11, 16, -0.29], [12, 0, 0.22], [12, 1, -0.06], [12, 2, 0.07], [12, 3, 0.13], [12, 4, 0.34], [12, 5, 0.23], [12, 6, 0.24], [12, 7, 0.26], [12, 8, 0.42], [12, 9, 0.11], [12, 10, 0.33], [12, 11, 0.51], [12, 12, 1.0], [12, 13, -0.04], [12, 14, 0.24], [12, 15, -0.22], [12, 16, -0.19], [13, 0, 0.07], [13, 1, 0.22], [13, 2, 0.13], [13, 3, 0.04], [13, 4, -0.37], [13, 5, 0.09], [13, 6, 0.15], [13, 7, 0.01], [13, 8, -0.09], [13, 9, -0.41], [13, 10, -0.26], [13, 11, 0.03], [13, 12, -0.04], [13, 13, 1.0], [13, 14, 0.19], [13, 15, -0.21], [13, 16, 0.05], [14, 0, -0.19], [14, 1, -0.29], [14, 2, -0.36], [14, 3, 0.08], [14, 4, -0.16], [14, 5, 0.04], [14, 6, -0.18], [14, 7, 0.02], [14, 8, -0.13], [14, 9, 0.08], [14, 10, 0.34], [14, 11, 0.24], [14, 12, 0.24], [14, 13, 0.19], [14, 14, 1.0], [14, 15, -0.0], [14, 16, 0.42], [15, 0, -0.18], [15, 1, -0.03], [15, 2, -0.13], [15, 3, -0.22], [15, 4, -0.16], [15, 5, -0.17], [15, 6, -0.43], [15, 7, -0.39], [15, 8, -0.26], [15, 9, -0.36], [15, 10, -0.27], [15, 11, -0.51], [15, 12, -0.22], [15, 13, -0.21], [15, 14, -0.0], [15, 15, 1.0], [15, 16, 0.37], [16, 0, -0.34], [16, 1, -0.4], [16, 2, -0.46], [16, 3, -0.16], [16, 4, -0.17], [16, 5, -0.28], [16, 6, -0.3], [16, 7, -0.11], [16, 8, -0.44], [16, 9, -0.21], [16, 10, -0.14], [16, 11, -0.29], [16, 12, -0.19], [16, 13, 0.05], [16, 14, 0.42], [16, 15, 0.37], [16, 16, 1.0]]