[[0, 0, 1.0], [0, 1, 0.91], [0, 2, 0.98], [0, 3, 0.54], [0, 4, -0.14], [0, 5, 0.63], [0, 6, 0.56], [0, 7, 0.15], [0, 8, 0.59], [0, 9, -0.27], [0, 10, 0.19], [0, 11, 0.39], [0, 12, 0.51], [0, 13, 0.48], [0, 14, 0.33], [0, 15, 0.35], [0, 16, 0.23], [1, 0, 0.91], [1, 1, 1.0], [1, 2, 0.98], [1, 3, 0.46], [1, 4, -0.24], [1, 5, 0.65], [1, 6, 0.6], [1, 7, 0.12], [1, 8, 0.59], [1, 9, -0.39], [1, 10, 0.1], [1, 11, 0.3], [1, 12, 0.58], [1, 13, 0.47], [1, 14, 0.41], [1, 15, 0.32], [1, 16, 0.15], [2, 0, 0.98], [2, 1, 0.98], [2, 2, 1.0], [2, 3, 0.5], [2, 4, -0.15], [2, 5, 0.66], [2, 6, 0.58], [2, 7, 0.14], [2, 8, 0.6], [2, 9, -0.31], [2, 10, 0.14], [2, 11, 0.34], [2, 12, 0.54], [2, 13, 0.46], [2, 14, 0.38], [2, 15, 0.36], [2, 16, 0.21], [3, 0, 0.54], [3, 1, 0.46], [3, 2, 0.5], [3, 3, 1.0], [3, 4, -0.11], [3, 5, 0.78], [3, 6, 0.65], [3, 7, 0.79], [3, 8, 0.82], [3, 9, -0.23], [3, 10, 0.65], [3, 11, 0.66], [3, 12, 0.73], [3, 13, 0.28], [3, 14, 0.18], [3, 15, 0.03], [3, 16, 0.12], [4, 0, -0.14], [4, 1, -0.24], [4, 2, -0.15], [4, 3, -0.11], [4, 4, 1.0], [4, 5, -0.12], [4, 6, -0.38], [4, 7, 0.27], [4, 8, -0.25], [4, 9, 0.77], [4, 10, 0.17], [4, 11, -0.09], [4, 12, -0.15], [4, 13, -0.3], [4, 14, 0.18], [4, 15, 0.24], [4, 16, 0.07], [5, 0, 0.63], [5, 1, 0.65], [5, 2, 0.66], [5, 3, 0.78], [5, 4, -0.12], [5, 5, 1.0], [5, 6, 0.63], [5, 7, 0.57], [5, 8, 0.76], [5, 9, -0.22], [5, 10, 0.39], [5, 11, 0.54], [5, 12, 0.61], [5, 13, 0.35], [5, 14, 0.33], [5, 15, 0.33], [5, 16, 0.4], [6, 0, 0.56], [6, 1, 0.6], [6, 2, 0.58], [6, 3, 0.65], [6, 4, -0.38], [6, 5, 0.63], [6, 6, 1.0], [6, 7, 0.43], [6, 8, 0.9], [6, 9, -0.36], [6, 10, 0.21], [6, 11, 0.56], [6, 12, 0.63], [6, 13, 0.53], [6, 14, 0.04], [6, 15, 0.01], [6, 16, 0.07], [7, 0, 0.15], [7, 1, 0.12], [7, 2, 0.14], [7, 3, 0.79], [7, 4, 0.27], [7, 5, 0.57], [7, 6, 0.43], [7, 7, 1.0], [7, 8, 0.68], [7, 9, 0.03], [7, 10, 0.65], [7, 11, 0.54], [7, 12, 0.56], [7, 13, -0.02], [7, 14, 0.15], [7, 15, -0.21], [7, 16, -0.12], [8, 0, 0.59], [8, 1, 0.59], [8, 2, 0.6], [8, 3, 0.82], [8, 4, -0.25], [8, 5, 0.76], [8, 6, 0.9], [8, 7, 0.68], [8, 8, 1.0], [8, 9, -0.33], [8, 10, 0.51], [8, 11, 0.72], [8, 12, 0.8], [8, 13, 0.41], [8, 14, 0.18], [8, 15, -0.02], [8, 16, 0.11], [9, 0, -0.27], [9, 1, -0.39], [9, 2, -0.31], [9, 3, -0.23], [9, 4, 0.77], [9, 5, -0.22], [9, 6, -0.36], [9, 7, 0.03], [9, 8, -0.33], [9, 9, 1.0], [9, 10, 0.16], [9, 11, -0.1], [9, 12, -0.25], [9, 13, -0.11], [9, 14, 0.16], [9, 15, 0.05], [9, 16, 0.18], [10, 0, 0.19], [10, 1, 0.1], [10, 2, 0.14], [10, 3, 0.65], [10, 4, 0.17], [10, 5, 0.39], [10, 6, 0.21], [10, 7, 0.65], [10, 8, 0.51], [10, 9, 0.16], [10, 10, 1.0], [10, 11, 0.72], [10, 12, 0.67], [10, 13, 0.06], [10, 14, 0.41], [10, 15, -0.13], [10, 16, 0.13], [11, 0, 0.39], [11, 1, 0.3], [11, 2, 0.34], [11, 3, 0.66], [11, 4, -0.09], [11, 5, 0.54], [11, 6, 0.56], [11, 7, 0.54], [11, 8, 0.72], [11, 9, -0.1], [11, 10, 0.72], [11, 11, 1.0], [11, 12, 0.66], [11, 13, 0.34], [11, 14, 0.46], [11, 15, 0.11], [11, 16, 0.21], [12, 0, 0.51], [12, 1, 0.58], [12, 2, 0.54], [12, 3, 0.73], [12, 4, -0.15], [12, 5, 0.61], [12, 6, 0.63], [12, 7, 0.56], [12, 8, 0.8], [12, 9, -0.25], [12, 10, 0.67], [12, 11, 0.66], [12, 12, 1.0], [12, 13, 0.36], [12, 14, 0.43], [12, 15, 0.03], [12, 16, 0.03], [13, 0, 0.48], [13, 1, 0.47], [13, 2, 0.46], [13, 3, 0.28], [13, 4, -0.3], [13, 5, 0.35], [13, 6, 0.53], [13, 7, -0.02], [13, 8, 0.41], [13, 9, -0.11], [13, 10, 0.06], [13, 11, 0.34], [13, 12, 0.36], [13, 13, 1.0], [13, 14, 0.43], [13, 15, 0.22], [13, 16, 0.33], [14, 0, 0.33], [14, 1, 0.41], [14, 2, 0.38], [14, 3, 0.18], [14, 4, 0.18], [14, 5, 0.33], [14, 6, 0.04], [14, 7, 0.15], [14, 8, 0.18], [14, 9, 0.16], [14, 10, 0.41], [14, 11, 0.46], [14, 12, 0.43], [14, 13, 0.43], [14, 14, 1.0], [14, 15, 0.26], [14, 16, 0.24], [15, 0, 0.35], [15, 1, 0.32], [15, 2, 0.36], [15, 3, 0.03], [15, 4, 0.24], [15, 5, 0.33], [15, 6, 0.01], [15, 7, -0.21], [15, 8, -0.02], [15, 9, 0.05], [15, 10, -0.13], [15, 11, 0.11], [15, 12, 0.03], [15, 13, 0.22], [15, 14, 0.26], [15, 15, 1.0], [15, 16, 0.72], [16, 0, 0.23], [16, 1, 0.15], [16, 2, 0.21], [16, 3, 0.12], [16, 4, 0.07], [16, 5, 0.4], [16, 6, 0.07], [16, 7, -0.12], [16, 8, 0.11], [16, 9, 0.18], [16, 10, 0.13], [16, 11, 0.21], [16, 12, 0.03], [16, 13, 0.33], [16, 14, 0.24], [16, 15, 0.72], [16, 16, 1.0]]