[[0, 0, 1.0], [0, 1, 0.62], [0, 2, 0.95], [0, 3, 0.11], [0, 4, -0.36], [0, 5, 0.46], [0, 6, 0.59], [0, 7, -0.04], [0, 8, 0.5], [0, 9, -0.57], [0, 10, 0.15], [0, 11, 0.35], [0, 12, 0.59], [0, 13, 0.7], [0, 14, 0.21], [0, 15, -0.13], [0, 16, 0.22], [1, 0, 0.62], [1, 1, 1.0], [1, 2, 0.83], [1, 3, 0.16], [1, 4, -0.41], [1, 5, 0.35], [1, 6, 0.57], [1, 7, 0.12], [1, 8, 0.54], [1, 9, -0.43], [1, 10, 0.11], [1, 11, 0.36], [1, 12, 0.3], [1, 13, 0.4], [1, 14, -0.05], [1, 15, -0.37], [1, 16, 0.03], [2, 0, 0.95], [2, 1, 0.83], [2, 2, 1.0], [2, 3, 0.16], [2, 4, -0.41], [2, 5, 0.47], [2, 6, 0.65], [2, 7, 0.03], [2, 8, 0.56], [2, 9, -0.59], [2, 10, 0.13], [2, 11, 0.36], [2, 12, 0.52], [2, 13, 0.65], [2, 14, 0.15], [2, 15, -0.23], [2, 16, 0.16], [3, 0, 0.11], [3, 1, 0.16], [3, 2, 0.16], [3, 3, 1.0], [3, 4, 0.44], [3, 5, 0.64], [3, 6, 0.52], [3, 7, 0.88], [3, 8, 0.58], [3, 9, 0.1], [3, 10, 0.69], [3, 11, 0.57], [3, 12, 0.19], [3, 13, 0.26], [3, 14, 0.33], [3, 15, 0.22], [3, 16, 0.33], [4, 0, -0.36], [4, 1, -0.41], [4, 2, -0.41], [4, 3, 0.44], [4, 4, 1.0], [4, 5, 0.18], [4, 6, -0.37], [4, 7, 0.46], [4, 8, 0.07], [4, 9, 0.75], [4, 10, 0.44], [4, 11, 0.12], [4, 12, -0.16], [4, 13, -0.42], [4, 14, -0.12], [4, 15, 0.12], [4, 16, 0.25], [5, 0, 0.46], [5, 1, 0.35], [5, 2, 0.47], [5, 3, 0.64], [5, 4, 0.18], [5, 5, 1.0], [5, 6, 0.67], [5, 7, 0.58], [5, 8, 0.8], [5, 9, -0.36], [5, 10, 0.42], [5, 11, 0.51], [5, 12, 0.39], [5, 13, 0.62], [5, 14, 0.17], [5, 15, -0.17], [5, 16, 0.23], [6, 0, 0.59], [6, 1, 0.57], [6, 2, 0.65], [6, 3, 0.52], [6, 4, -0.37], [6, 5, 0.67], [6, 6, 1.0], [6, 7, 0.41], [6, 8, 0.75], [6, 9, -0.66], [6, 10, 0.34], [6, 11, 0.56], [6, 12, 0.4], [6, 13, 0.82], [6, 14, 0.45], [6, 15, 0.07], [6, 16, 0.34], [7, 0, -0.04], [7, 1, 0.12], [7, 2, 0.03], [7, 3, 0.88], [7, 4, 0.46], [7, 5, 0.58], [7, 6, 0.41], [7, 7, 1.0], [7, 8, 0.48], [7, 9, 0.22], [7, 10, 0.64], [7, 11, 0.63], [7, 12, 0.05], [7, 13, 0.21], [7, 14, 0.03], [7, 15, 0.12], [7, 16, 0.22], [8, 0, 0.5], [8, 1, 0.54], [8, 2, 0.56], [8, 3, 0.58], [8, 4, 0.07], [8, 5, 0.8], [8, 6, 0.75], [8, 7, 0.48], [8, 8, 1.0], [8, 9, -0.34], [8, 10, 0.49], [8, 11, 0.59], [8, 12, 0.32], [8, 13, 0.55], [8, 14, 0.21], [8, 15, -0.03], [8, 16, 0.38], [9, 0, -0.57], [9, 1, -0.43], [9, 2, -0.59], [9, 3, 0.1], [9, 4, 0.75], [9, 5, -0.36], [9, 6, -0.66], [9, 7, 0.22], [9, 8, -0.34], [9, 9, 1.0], [9, 10, 0.27], [9, 11, -0.05], [9, 12, -0.27], [9, 13, -0.64], [9, 14, -0.34], [9, 15, 0.12], [9, 16, 0.02], [10, 0, 0.15], [10, 1, 0.11], [10, 2, 0.13], [10, 3, 0.69], [10, 4, 0.44], [10, 5, 0.42], [10, 6, 0.34], [10, 7, 0.64], [10, 8, 0.49], [10, 9, 0.27], [10, 10, 1.0], [10, 11, 0.82], [10, 12, 0.26], [10, 13, 0.25], [10, 14, 0.24], [10, 15, 0.22], [10, 16, 0.28], [11, 0, 0.35], [11, 1, 0.36], [11, 2, 0.36], [11, 3, 0.57], [11, 4, 0.12], [11, 5, 0.51], [11, 6, 0.56], [11, 7, 0.63], [11, 8, 0.59], [11, 9, -0.05], [11, 10, 0.82], [11, 11, 1.0], [11, 12, 0.4], [11, 13, 0.49], [11, 14, 0.13], [11, 15, 0.24], [11, 16, 0.19], [12, 0, 0.59], [12, 1, 0.3], [12, 2, 0.52], [12, 3, 0.19], [12, 4, -0.16], [12, 5, 0.39], [12, 6, 0.4], [12, 7, 0.05], [12, 8, 0.32], [12, 9, -0.27], [12, 10, 0.26], [12, 11, 0.4], [12, 12, 1.0], [12, 13, 0.54], [12, 14, 0.3], [12, 15, -0.13], [12, 16, 0.06], [13, 0, 0.7], [13, 1, 0.4], [13, 2, 0.65], [13, 3, 0.26], [13, 4, -0.42], [13, 5, 0.62], [13, 6, 0.82], [13, 7, 0.21], [13, 8, 0.55], [13, 9, -0.64], [13, 10, 0.25], [13, 11, 0.49], [13, 12, 0.54], [13, 13, 1.0], [13, 14, 0.19], [13, 15, -0.04], [13, 16, 0.04], [14, 0, 0.21], [14, 1, -0.05], [14, 2, 0.15], [14, 3, 0.33], [14, 4, -0.12], [14, 5, 0.17], [14, 6, 0.45], [14, 7, 0.03], [14, 8, 0.21], [14, 9, -0.34], [14, 10, 0.24], [14, 11, 0.13], [14, 12, 0.3], [14, 13, 0.19], [14, 14, 1.0], [14, 15, 0.49], [14, 16, 0.64], [15, 0, -0.13], [15, 1, -0.37], [15, 2, -0.23], [15, 3, 0.22], [15, 4, 0.12], [15, 5, -0.17], [15, 6, 0.07], [15, 7, 0.12], [15, 8, -0.03], [15, 9, 0.12], [15, 10, 0.22], [15, 11, 0.24], [15, 12, -0.13], [15, 13, -0.04], [15, 14, 0.49], [15, 15, 1.0], [15, 16, 0.45], [16, 0, 0.22], [16, 1, 0.03], [16, 2, 0.16], [16, 3, 0.33], [16, 4, 0.25], [16, 5, 0.23], [16, 6, 0.34], [16, 7, 0.22], [16, 8, 0.38], [16, 9, 0.02], [16, 10, 0.28], [16, 11, 0.19], [16, 12, 0.06], [16, 13, 0.04], [16, 14, 0.64], [16, 15, 0.45], [16, 16, 1.0]]