[[0, 0, 1.0], [0, 1, 0.78], [0, 2, 0.93], [0, 3, 0.12], [0, 4, -0.32], [0, 5, 0.5], [0, 6, 0.43], [0, 7, 0.28], [0, 8, 0.58], [0, 9, -0.2], [0, 10, 0.12], [0, 11, 0.33], [0, 12, 0.39], [0, 13, 0.82], [0, 14, 0.3], [0, 15, 0.17], [0, 16, 0.37], [1, 0, 0.78], [1, 1, 1.0], [1, 2, 0.94], [1, 3, 0.01], [1, 4, -0.26], [1, 5, 0.18], [1, 6, 0.3], [1, 7, 0.18], [1, 8, 0.44], [1, 9, -0.24], [1, 10, -0.04], [1, 11, 0.21], [1, 12, 0.36], [1, 13, 0.64], [1, 14, 0.16], [1, 15, 0.33], [1, 16, 0.23], [2, 0, 0.93], [2, 1, 0.94], [2, 2, 1.0], [2, 3, 0.13], [2, 4, -0.28], [2, 5, 0.39], [2, 6, 0.44], [2, 7, 0.31], [2, 8, 0.58], [2, 9, -0.17], [2, 10, 0.09], [2, 11, 0.32], [2, 12, 0.46], [2, 13, 0.78], [2, 14, 0.24], [2, 15, 0.27], [2, 16, 0.33], [3, 0, 0.12], [3, 1, 0.01], [3, 2, 0.13], [3, 3, 1.0], [3, 4, 0.33], [3, 5, 0.66], [3, 6, 0.55], [3, 7, 0.86], [3, 8, 0.62], [3, 9, 0.21], [3, 10, 0.37], [3, 11, 0.29], [3, 12, 0.41], [3, 13, 0.23], [3, 14, 0.02], [3, 15, 0.07], [3, 16, -0.07], [4, 0, -0.32], [4, 1, -0.26], [4, 2, -0.28], [4, 3, 0.33], [4, 4, 1.0], [4, 5, -0.04], [4, 6, 0.13], [4, 7, 0.09], [4, 8, -0.18], [4, 9, 0.17], [4, 10, -0.15], [4, 11, -0.28], [4, 12, -0.41], [4, 13, -0.22], [4, 14, -0.33], [4, 15, -0.34], [4, 16, -0.48], [5, 0, 0.5], [5, 1, 0.18], [5, 2, 0.39], [5, 3, 0.66], [5, 4, -0.04], [5, 5, 1.0], [5, 6, 0.64], [5, 7, 0.65], [5, 8, 0.65], [5, 9, 0.09], [5, 10, 0.45], [5, 11, 0.43], [5, 12, 0.43], [5, 13, 0.54], [5, 14, 0.28], [5, 15, 0.28], [5, 16, 0.27], [6, 0, 0.43], [6, 1, 0.3], [6, 2, 0.44], [6, 3, 0.55], [6, 4, 0.13], [6, 5, 0.64], [6, 6, 1.0], [6, 7, 0.54], [6, 8, 0.65], [6, 9, 0.08], [6, 10, 0.38], [6, 11, 0.39], [6, 12, 0.51], [6, 13, 0.46], [6, 14, -0.12], [6, 15, 0.1], [6, 16, 0.12], [7, 0, 0.28], [7, 1, 0.18], [7, 2, 0.31], [7, 3, 0.86], [7, 4, 0.09], [7, 5, 0.65], [7, 6, 0.54], [7, 7, 1.0], [7, 8, 0.8], [7, 9, 0.41], [7, 10, 0.62], [7, 11, 0.56], [7, 12, 0.43], [7, 13, 0.24], [7, 14, -0.05], [7, 15, 0.15], [7, 16, 0.0], [8, 0, 0.58], [8, 1, 0.44], [8, 2, 0.58], [8, 3, 0.62], [8, 4, -0.18], [8, 5, 0.65], [8, 6, 0.65], [8, 7, 0.8], [8, 8, 1.0], [8, 9, 0.27], [8, 10, 0.67], [8, 11, 0.69], [8, 12, 0.58], [8, 13, 0.52], [8, 14, 0.06], [8, 15, 0.29], [8, 16, 0.28], [9, 0, -0.2], [9, 1, -0.24], [9, 2, -0.17], [9, 3, 0.21], [9, 4, 0.17], [9, 5, 0.09], [9, 6, 0.08], [9, 7, 0.41], [9, 8, 0.27], [9, 9, 1.0], [9, 10, 0.65], [9, 11, 0.53], [9, 12, 0.24], [9, 13, -0.37], [9, 14, -0.29], [9, 15, -0.16], [9, 16, -0.12], [10, 0, 0.12], [10, 1, -0.04], [10, 2, 0.09], [10, 3, 0.37], [10, 4, -0.15], [10, 5, 0.45], [10, 6, 0.38], [10, 7, 0.62], [10, 8, 0.67], [10, 9, 0.65], [10, 10, 1.0], [10, 11, 0.92], [10, 12, 0.37], [10, 13, 0.09], [10, 14, -0.21], [10, 15, 0.02], [10, 16, -0.09], [11, 0, 0.33], [11, 1, 0.21], [11, 2, 0.32], [11, 3, 0.29], [11, 4, -0.28], [11, 5, 0.43], [11, 6, 0.39], [11, 7, 0.56], [11, 8, 0.69], [11, 9, 0.53], [11, 10, 0.92], [11, 11, 1.0], [11, 12, 0.48], [11, 13, 0.29], [11, 14, -0.19], [11, 15, 0.13], [11, 16, -0.09], [12, 0, 0.39], [12, 1, 0.36], [12, 2, 0.46], [12, 3, 0.41], [12, 4, -0.41], [12, 5, 0.43], [12, 6, 0.51], [12, 7, 0.43], [12, 8, 0.58], [12, 9, 0.24], [12, 10, 0.37], [12, 11, 0.48], [12, 12, 1.0], [12, 13, 0.34], [12, 14, 0.3], [12, 15, 0.19], [12, 16, 0.41], [13, 0, 0.82], [13, 1, 0.64], [13, 2, 0.78], [13, 3, 0.23], [13, 4, -0.22], [13, 5, 0.54], [13, 6, 0.46], [13, 7, 0.24], [13, 8, 0.52], [13, 9, -0.37], [13, 10, 0.09], [13, 11, 0.29], [13, 12, 0.34], [13, 13, 1.0], [13, 14, 0.33], [13, 15, 0.29], [13, 16, 0.33], [14, 0, 0.3], [14, 1, 0.16], [14, 2, 0.24], [14, 3, 0.02], [14, 4, -0.33], [14, 5, 0.28], [14, 6, -0.12], [14, 7, -0.05], [14, 8, 0.06], [14, 9, -0.29], [14, 10, -0.21], [14, 11, -0.19], [14, 12, 0.3], [14, 13, 0.33], [14, 14, 1.0], [14, 15, 0.24], [14, 16, 0.73], [15, 0, 0.17], [15, 1, 0.33], [15, 2, 0.27], [15, 3, 0.07], [15, 4, -0.34], [15, 5, 0.28], [15, 6, 0.1], [15, 7, 0.15], [15, 8, 0.29], [15, 9, -0.16], [15, 10, 0.02], [15, 11, 0.13], [15, 12, 0.19], [15, 13, 0.29], [15, 14, 0.24], [15, 15, 1.0], [15, 16, 0.5], [16, 0, 0.37], [16, 1, 0.23], [16, 2, 0.33], [16, 3, -0.07], [16, 4, -0.48], [16, 5, 0.27], [16, 6, 0.12], [16, 7, 0.0], [16, 8, 0.28], [16, 9, -0.12], [16, 10, -0.09], [16, 11, -0.09], [16, 12, 0.41], [16, 13, 0.33], [16, 14, 0.73], [16, 15, 0.5], [16, 16, 1.0]]