[[0, 0, 1.0], [0, 1, 0.91], [0, 2, 0.97], [0, 3, 0.46], [0, 4, -0.26], [0, 5, 0.59], [0, 6, 0.5], [0, 7, 0.16], [0, 8, 0.58], [0, 9, -0.43], [0, 10, 0.24], [0, 11, 0.4], [0, 12, 0.49], [0, 13, 0.43], [0, 14, 0.48], [0, 15, 0.37], [0, 16, 0.3], [1, 0, 0.91], [1, 1, 1.0], [1, 2, 0.98], [1, 3, 0.33], [1, 4, -0.34], [1, 5, 0.58], [1, 6, 0.51], [1, 7, 0.12], [1, 8, 0.58], [1, 9, -0.48], [1, 10, 0.11], [1, 11, 0.27], [1, 12, 0.5], [1, 13, 0.33], [1, 14, 0.53], [1, 15, 0.29], [1, 16, 0.18], [2, 0, 0.97], [2, 1, 0.98], [2, 2, 1.0], [2, 3, 0.38], [2, 4, -0.28], [2, 5, 0.59], [2, 6, 0.51], [2, 7, 0.14], [2, 8, 0.6], [2, 9, -0.46], [2, 10, 0.19], [2, 11, 0.35], [2, 12, 0.51], [2, 13, 0.41], [2, 14, 0.54], [2, 15, 0.36], [2, 16, 0.27], [3, 0, 0.46], [3, 1, 0.33], [3, 2, 0.38], [3, 3, 1.0], [3, 4, -0.11], [3, 5, 0.8], [3, 6, 0.57], [3, 7, 0.79], [3, 8, 0.71], [3, 9, -0.28], [3, 10, 0.6], [3, 11, 0.59], [3, 12, 0.67], [3, 13, 0.18], [3, 14, 0.21], [3, 15, 0.02], [3, 16, 0.14], [4, 0, -0.26], [4, 1, -0.34], [4, 2, -0.28], [4, 3, -0.11], [4, 4, 1.0], [4, 5, -0.2], [4, 6, -0.49], [4, 7, 0.19], [4, 8, -0.34], [4, 9, 0.81], [4, 10, 0.21], [4, 11, -0.11], [4, 12, -0.14], [4, 13, -0.14], [4, 14, 0.19], [4, 15, 0.26], [4, 16, 0.19], [5, 0, 0.59], [5, 1, 0.58], [5, 2, 0.59], [5, 3, 0.8], [5, 4, -0.2], [5, 5, 1.0], [5, 6, 0.59], [5, 7, 0.54], [5, 8, 0.67], [5, 9, -0.32], [5, 10, 0.34], [5, 11, 0.48], [5, 12, 0.57], [5, 13, 0.22], [5, 14, 0.31], [5, 15, 0.33], [5, 16, 0.38], [6, 0, 0.5], [6, 1, 0.51], [6, 2, 0.51], [6, 3, 0.57], [6, 4, -0.49], [6, 5, 0.59], [6, 6, 1.0], [6, 7, 0.48], [6, 8, 0.9], [6, 9, -0.54], [6, 10, 0.37], [6, 11, 0.62], [6, 12, 0.68], [6, 13, 0.65], [6, 14, 0.29], [6, 15, 0.06], [6, 16, 0.23], [7, 0, 0.16], [7, 1, 0.12], [7, 2, 0.14], [7, 3, 0.79], [7, 4, 0.19], [7, 5, 0.54], [7, 6, 0.48], [7, 7, 1.0], [7, 8, 0.69], [7, 9, -0.04], [7, 10, 0.71], [7, 11, 0.57], [7, 12, 0.6], [7, 13, 0.16], [7, 14, 0.27], [7, 15, -0.19], [7, 16, -0.01], [8, 0, 0.58], [8, 1, 0.58], [8, 2, 0.6], [8, 3, 0.71], [8, 4, -0.34], [8, 5, 0.67], [8, 6, 0.9], [8, 7, 0.69], [8, 8, 1.0], [8, 9, -0.47], [8, 10, 0.6], [8, 11, 0.75], [8, 12, 0.81], [8, 13, 0.53], [8, 14, 0.41], [8, 15, 0.04], [8, 16, 0.23], [9, 0, -0.43], [9, 1, -0.48], [9, 2, -0.46], [9, 3, -0.28], [9, 4, 0.81], [9, 5, -0.32], [9, 6, -0.54], [9, 7, -0.04], [9, 8, -0.47], [9, 9, 1.0], [9, 10, 0.04], [9, 11, -0.22], [9, 12, -0.28], [9, 13, -0.14], [9, 14, 0.07], [9, 15, 0.09], [9, 16, 0.18], [10, 0, 0.24], [10, 1, 0.11], [10, 2, 0.19], [10, 3, 0.6], [10, 4, 0.21], [10, 5, 0.34], [10, 6, 0.37], [10, 7, 0.71], [10, 8, 0.6], [10, 9, 0.04], [10, 10, 1.0], [10, 11, 0.79], [10, 12, 0.73], [10, 13, 0.35], [10, 14, 0.48], [10, 15, -0.05], [10, 16, 0.17], [11, 0, 0.4], [11, 1, 0.27], [11, 2, 0.35], [11, 3, 0.59], [11, 4, -0.11], [11, 5, 0.48], [11, 6, 0.62], [11, 7, 0.57], [11, 8, 0.75], [11, 9, -0.22], [11, 10, 0.79], [11, 11, 1.0], [11, 12, 0.69], [11, 13, 0.5], [11, 14, 0.57], [11, 15, 0.15], [11, 16, 0.29], [12, 0, 0.49], [12, 1, 0.5], [12, 2, 0.51], [12, 3, 0.67], [12, 4, -0.14], [12, 5, 0.57], [12, 6, 0.68], [12, 7, 0.6], [12, 8, 0.81], [12, 9, -0.28], [12, 10, 0.73], [12, 11, 0.69], [12, 12, 1.0], [12, 13, 0.46], [12, 14, 0.57], [12, 15, 0.07], [12, 16, 0.14], [13, 0, 0.43], [13, 1, 0.33], [13, 2, 0.41], [13, 3, 0.18], [13, 4, -0.14], [13, 5, 0.22], [13, 6, 0.65], [13, 7, 0.16], [13, 8, 0.53], [13, 9, -0.14], [13, 10, 0.35], [13, 11, 0.5], [13, 12, 0.46], [13, 13, 1.0], [13, 14, 0.54], [13, 15, 0.25], [13, 16, 0.4], [14, 0, 0.48], [14, 1, 0.53], [14, 2, 0.54], [14, 3, 0.21], [14, 4, 0.19], [14, 5, 0.31], [14, 6, 0.29], [14, 7, 0.27], [14, 8, 0.41], [14, 9, 0.07], [14, 10, 0.48], [14, 11, 0.57], [14, 12, 0.57], [14, 13, 0.54], [14, 14, 1.0], [14, 15, 0.33], [14, 16, 0.23], [15, 0, 0.37], [15, 1, 0.29], [15, 2, 0.36], [15, 3, 0.02], [15, 4, 0.26], [15, 5, 0.33], [15, 6, 0.06], [15, 7, -0.19], [15, 8, 0.04], [15, 9, 0.09], [15, 10, -0.05], [15, 11, 0.15], [15, 12, 0.07], [15, 13, 0.25], [15, 14, 0.33], [15, 15, 1.0], [15, 16, 0.81], [16, 0, 0.3], [16, 1, 0.18], [16, 2, 0.27], [16, 3, 0.14], [16, 4, 0.19], [16, 5, 0.38], [16, 6, 0.23], [16, 7, -0.01], [16, 8, 0.23], [16, 9, 0.18], [16, 10, 0.17], [16, 11, 0.29], [16, 12, 0.14], [16, 13, 0.4], [16, 14, 0.23], [16, 15, 0.81], [16, 16, 1.0]]