[[0, 0, 1.0], [0, 1, 0.86], [0, 2, 0.97], [0, 3, 0.32], [0, 4, 0.18], [0, 5, 0.32], [0, 6, 0.44], [0, 7, 0.37], [0, 8, 0.4], [0, 9, -0.24], [0, 10, 0.2], [0, 11, 0.27], [0, 12, 0.13], [0, 13, 0.4], [0, 14, 0.02], [0, 15, -0.03], [0, 16, 0.14], [1, 0, 0.86], [1, 1, 1.0], [1, 2, 0.94], [1, 3, 0.14], [1, 4, 0.15], [1, 5, 0.25], [1, 6, 0.14], [1, 7, 0.12], [1, 8, 0.42], [1, 9, -0.28], [1, 10, -0.03], [1, 11, 0.11], [1, 12, 0.04], [1, 13, 0.17], [1, 14, -0.11], [1, 15, 0.02], [1, 16, 0.07], [2, 0, 0.97], [2, 1, 0.94], [2, 2, 1.0], [2, 3, 0.27], [2, 4, 0.18], [2, 5, 0.31], [2, 6, 0.35], [2, 7, 0.28], [2, 8, 0.42], [2, 9, -0.27], [2, 10, 0.12], [2, 11, 0.19], [2, 12, 0.09], [2, 13, 0.35], [2, 14, -0.04], [2, 15, -0.01], [2, 16, 0.11], [3, 0, 0.32], [3, 1, 0.14], [3, 2, 0.27], [3, 3, 1.0], [3, 4, 0.35], [3, 5, 0.82], [3, 6, 0.74], [3, 7, 0.76], [3, 8, 0.63], [3, 9, -0.22], [3, 10, 0.67], [3, 11, 0.43], [3, 12, 0.38], [3, 13, 0.41], [3, 14, 0.1], [3, 15, 0.32], [3, 16, 0.08], [4, 0, 0.18], [4, 1, 0.15], [4, 2, 0.18], [4, 3, 0.35], [4, 4, 1.0], [4, 5, 0.52], [4, 6, 0.24], [4, 7, 0.23], [4, 8, 0.17], [4, 9, 0.34], [4, 10, 0.29], [4, 11, 0.19], [4, 12, -0.1], [4, 13, -0.19], [4, 14, -0.32], [4, 15, -0.15], [4, 16, -0.55], [5, 0, 0.32], [5, 1, 0.25], [5, 2, 0.31], [5, 3, 0.82], [5, 4, 0.52], [5, 5, 1.0], [5, 6, 0.74], [5, 7, 0.53], [5, 8, 0.75], [5, 9, -0.35], [5, 10, 0.61], [5, 11, 0.56], [5, 12, 0.57], [5, 13, 0.36], [5, 14, 0.27], [5, 15, 0.42], [5, 16, 0.05], [6, 0, 0.44], [6, 1, 0.14], [6, 2, 0.35], [6, 3, 0.74], [6, 4, 0.24], [6, 5, 0.74], [6, 6, 1.0], [6, 7, 0.64], [6, 8, 0.57], [6, 9, -0.37], [6, 10, 0.78], [6, 11, 0.76], [6, 12, 0.7], [6, 13, 0.64], [6, 14, 0.42], [6, 15, 0.44], [6, 16, 0.32], [7, 0, 0.37], [7, 1, 0.12], [7, 2, 0.28], [7, 3, 0.76], [7, 4, 0.23], [7, 5, 0.53], [7, 6, 0.64], [7, 7, 1.0], [7, 8, 0.44], [7, 9, 0.03], [7, 10, 0.6], [7, 11, 0.47], [7, 12, 0.25], [7, 13, 0.25], [7, 14, -0.02], [7, 15, 0.11], [7, 16, 0.02], [8, 0, 0.4], [8, 1, 0.42], [8, 2, 0.42], [8, 3, 0.63], [8, 4, 0.17], [8, 5, 0.75], [8, 6, 0.57], [8, 7, 0.44], [8, 8, 1.0], [8, 9, -0.55], [8, 10, 0.29], [8, 11, 0.4], [8, 12, 0.42], [8, 13, 0.19], [8, 14, 0.32], [8, 15, 0.35], [8, 16, 0.06], [9, 0, -0.24], [9, 1, -0.28], [9, 2, -0.27], [9, 3, -0.22], [9, 4, 0.34], [9, 5, -0.35], [9, 6, -0.37], [9, 7, 0.03], [9, 8, -0.55], [9, 9, 1.0], [9, 10, -0.04], [9, 11, -0.31], [9, 12, -0.51], [9, 13, -0.53], [9, 14, -0.62], [9, 15, -0.58], [9, 16, -0.49], [10, 0, 0.2], [10, 1, -0.03], [10, 2, 0.12], [10, 3, 0.67], [10, 4, 0.29], [10, 5, 0.61], [10, 6, 0.78], [10, 7, 0.6], [10, 8, 0.29], [10, 9, -0.04], [10, 10, 1.0], [10, 11, 0.61], [10, 12, 0.55], [10, 13, 0.55], [10, 14, 0.25], [10, 15, 0.47], [10, 16, 0.31], [11, 0, 0.27], [11, 1, 0.11], [11, 2, 0.19], [11, 3, 0.43], [11, 4, 0.19], [11, 5, 0.56], [11, 6, 0.76], [11, 7, 0.47], [11, 8, 0.4], [11, 9, -0.31], [11, 10, 0.61], [11, 11, 1.0], [11, 12, 0.66], [11, 13, 0.36], [11, 14, 0.46], [11, 15, 0.43], [11, 16, 0.38], [12, 0, 0.13], [12, 1, 0.04], [12, 2, 0.09], [12, 3, 0.38], [12, 4, -0.1], [12, 5, 0.57], [12, 6, 0.7], [12, 7, 0.25], [12, 8, 0.42], [12, 9, -0.51], [12, 10, 0.55], [12, 11, 0.66], [12, 12, 1.0], [12, 13, 0.67], [12, 14, 0.65], [12, 15, 0.67], [12, 16, 0.57], [13, 0, 0.4], [13, 1, 0.17], [13, 2, 0.35], [13, 3, 0.41], [13, 4, -0.19], [13, 5, 0.36], [13, 6, 0.64], [13, 7, 0.25], [13, 8, 0.19], [13, 9, -0.53], [13, 10, 0.55], [13, 11, 0.36], [13, 12, 0.67], [13, 13, 1.0], [13, 14, 0.6], [13, 15, 0.57], [13, 16, 0.69], [14, 0, 0.02], [14, 1, -0.11], [14, 2, -0.04], [14, 3, 0.1], [14, 4, -0.32], [14, 5, 0.27], [14, 6, 0.42], [14, 7, -0.02], [14, 8, 0.32], [14, 9, -0.62], [14, 10, 0.25], [14, 11, 0.46], [14, 12, 0.65], [14, 13, 0.6], [14, 14, 1.0], [14, 15, 0.47], [14, 16, 0.56], [15, 0, -0.03], [15, 1, 0.02], [15, 2, -0.01], [15, 3, 0.32], [15, 4, -0.15], [15, 5, 0.42], [15, 6, 0.44], [15, 7, 0.11], [15, 8, 0.35], [15, 9, -0.58], [15, 10, 0.47], [15, 11, 0.43], [15, 12, 0.67], [15, 13, 0.57], [15, 14, 0.47], [15, 15, 1.0], [15, 16, 0.72], [16, 0, 0.14], [16, 1, 0.07], [16, 2, 0.11], [16, 3, 0.08], [16, 4, -0.55], [16, 5, 0.05], [16, 6, 0.32], [16, 7, 0.02], [16, 8, 0.06], [16, 9, -0.49], [16, 10, 0.31], [16, 11, 0.38], [16, 12, 0.57], [16, 13, 0.69], [16, 14, 0.56], [16, 15, 0.72], [16, 16, 1.0]]