[[0, 0, 1.0], [0, 1, 0.85], [0, 2, 0.94], [0, 3, -0.67], [0, 4, -0.75], [0, 5, -0.63], [0, 6, -0.62], [0, 7, -0.68], [0, 8, -0.49], [0, 9, -0.0], [0, 10, -0.65], [0, 11, -0.32], [0, 12, -0.36], [0, 13, 0.02], [0, 14, 0.19], [0, 15, -0.47], [0, 16, -0.2], [1, 0, 0.85], [1, 1, 1.0], [1, 2, 0.97], [1, 3, -0.58], [1, 4, -0.71], [1, 5, -0.5], [1, 6, -0.59], [1, 7, -0.71], [1, 8, -0.28], [1, 9, -0.24], [1, 10, -0.66], [1, 11, -0.19], [1, 12, -0.22], [1, 13, 0.29], [1, 14, 0.46], [1, 15, -0.46], [1, 16, -0.21], [2, 0, 0.94], [2, 1, 0.97], [2, 2, 1.0], [2, 3, -0.59], [2, 4, -0.71], [2, 5, -0.53], [2, 6, -0.59], [2, 7, -0.68], [2, 8, -0.33], [2, 9, -0.1], [2, 10, -0.64], [2, 11, -0.22], [2, 12, -0.25], [2, 13, 0.17], [2, 14, 0.33], [2, 15, -0.49], [2, 16, -0.24], [3, 0, -0.67], [3, 1, -0.58], [3, 2, -0.59], [3, 3, 1.0], [3, 4, 0.87], [3, 5, 0.92], [3, 6, 0.76], [3, 7, 0.88], [3, 8, 0.78], [3, 9, 0.35], [3, 10, 0.8], [3, 11, 0.53], [3, 12, 0.6], [3, 13, -0.18], [3, 14, -0.19], [3, 15, 0.43], [3, 16, 0.2], [4, 0, -0.75], [4, 1, -0.71], [4, 2, -0.71], [4, 3, 0.87], [4, 4, 1.0], [4, 5, 0.83], [4, 6, 0.79], [4, 7, 0.88], [4, 8, 0.68], [4, 9, 0.39], [4, 10, 0.8], [4, 11, 0.44], [4, 12, 0.61], [4, 13, -0.26], [4, 14, -0.37], [4, 15, 0.56], [4, 16, 0.26], [5, 0, -0.63], [5, 1, -0.5], [5, 2, -0.53], [5, 3, 0.92], [5, 4, 0.83], [5, 5, 1.0], [5, 6, 0.72], [5, 7, 0.78], [5, 8, 0.85], [5, 9, 0.3], [5, 10, 0.85], [5, 11, 0.67], [5, 12, 0.79], [5, 13, -0.01], [5, 14, -0.2], [5, 15, 0.28], [5, 16, 0.23], [6, 0, -0.62], [6, 1, -0.59], [6, 2, -0.59], [6, 3, 0.76], [6, 4, 0.79], [6, 5, 0.72], [6, 6, 1.0], [6, 7, 0.81], [6, 8, 0.75], [6, 9, 0.26], [6, 10, 0.69], [6, 11, 0.42], [6, 12, 0.66], [6, 13, -0.21], [6, 14, -0.24], [6, 15, 0.4], [6, 16, 0.12], [7, 0, -0.68], [7, 1, -0.71], [7, 2, -0.68], [7, 3, 0.88], [7, 4, 0.88], [7, 5, 0.78], [7, 6, 0.81], [7, 7, 1.0], [7, 8, 0.64], [7, 9, 0.46], [7, 10, 0.8], [7, 11, 0.39], [7, 12, 0.5], [7, 13, -0.38], [7, 14, -0.48], [7, 15, 0.62], [7, 16, 0.14], [8, 0, -0.49], [8, 1, -0.28], [8, 2, -0.33], [8, 3, 0.78], [8, 4, 0.68], [8, 5, 0.85], [8, 6, 0.75], [8, 7, 0.64], [8, 8, 1.0], [8, 9, 0.1], [8, 10, 0.65], [8, 11, 0.54], [8, 12, 0.8], [8, 13, 0.24], [8, 14, -0.05], [8, 15, 0.11], [8, 16, -0.13], [9, 0, -0.0], [9, 1, -0.24], [9, 2, -0.1], [9, 3, 0.35], [9, 4, 0.39], [9, 5, 0.3], [9, 6, 0.26], [9, 7, 0.46], [9, 8, 0.1], [9, 9, 1.0], [9, 10, 0.32], [9, 11, -0.05], [9, 12, 0.07], [9, 13, -0.63], [9, 14, -0.46], [9, 15, 0.11], [9, 16, -0.07], [10, 0, -0.65], [10, 1, -0.66], [10, 2, -0.64], [10, 3, 0.8], [10, 4, 0.8], [10, 5, 0.85], [10, 6, 0.69], [10, 7, 0.8], [10, 8, 0.65], [10, 9, 0.32], [10, 10, 1.0], [10, 11, 0.76], [10, 12, 0.72], [10, 13, -0.14], [10, 14, -0.36], [10, 15, 0.47], [10, 16, 0.23], [11, 0, -0.32], [11, 1, -0.19], [11, 2, -0.22], [11, 3, 0.53], [11, 4, 0.44], [11, 5, 0.67], [11, 6, 0.42], [11, 7, 0.39], [11, 8, 0.54], [11, 9, -0.05], [11, 10, 0.76], [11, 11, 1.0], [11, 12, 0.76], [11, 13, 0.19], [11, 14, 0.07], [11, 15, 0.24], [11, 16, 0.28], [12, 0, -0.36], [12, 1, -0.22], [12, 2, -0.25], [12, 3, 0.6], [12, 4, 0.61], [12, 5, 0.79], [12, 6, 0.66], [12, 7, 0.5], [12, 8, 0.8], [12, 9, 0.07], [12, 10, 0.72], [12, 11, 0.76], [12, 12, 1.0], [12, 13, 0.18], [12, 14, -0.02], [12, 15, 0.17], [12, 16, 0.19], [13, 0, 0.02], [13, 1, 0.29], [13, 2, 0.17], [13, 3, -0.18], [13, 4, -0.26], [13, 5, -0.01], [13, 6, -0.21], [13, 7, -0.38], [13, 8, 0.24], [13, 9, -0.63], [13, 10, -0.14], [13, 11, 0.19], [13, 12, 0.18], [13, 13, 1.0], [13, 14, 0.38], [13, 15, -0.36], [13, 16, -0.31], [14, 0, 0.19], [14, 1, 0.46], [14, 2, 0.33], [14, 3, -0.19], [14, 4, -0.37], [14, 5, -0.2], [14, 6, -0.24], [14, 7, -0.48], [14, 8, -0.05], [14, 9, -0.46], [14, 10, -0.36], [14, 11, 0.07], [14, 12, -0.02], [14, 13, 0.38], [14, 14, 1.0], [14, 15, -0.27], [14, 16, 0.24], [15, 0, -0.47], [15, 1, -0.46], [15, 2, -0.49], [15, 3, 0.43], [15, 4, 0.56], [15, 5, 0.28], [15, 6, 0.4], [15, 7, 0.62], [15, 8, 0.11], [15, 9, 0.11], [15, 10, 0.47], [15, 11, 0.24], [15, 12, 0.17], [15, 13, -0.36], [15, 14, -0.27], [15, 15, 1.0], [15, 16, 0.39], [16, 0, -0.2], [16, 1, -0.21], [16, 2, -0.24], [16, 3, 0.2], [16, 4, 0.26], [16, 5, 0.23], [16, 6, 0.12], [16, 7, 0.14], [16, 8, -0.13], [16, 9, -0.07], [16, 10, 0.23], [16, 11, 0.28], [16, 12, 0.19], [16, 13, -0.31], [16, 14, 0.24], [16, 15, 0.39], [16, 16, 1.0]]