[[0, 0, 1.0], [0, 1, 0.38], [0, 2, 0.68], [0, 3, 0.26], [0, 4, 0.16], [0, 5, 0.15], [0, 6, 0.46], [0, 7, 0.3], [0, 8, 0.52], [0, 9, 0.27], [0, 10, 0.02], [0, 11, 0.09], [0, 12, 0.23], [0, 13, 0.03], [0, 14, -0.14], [0, 15, -0.32], [0, 16, 0.06], [1, 0, 0.38], [1, 1, 1.0], [1, 2, 0.89], [1, 3, 0.37], [1, 4, 0.42], [1, 5, 0.17], [1, 6, -0.01], [1, 7, 0.27], [1, 8, 0.34], [1, 9, 0.22], [1, 10, -0.06], [1, 11, -0.12], [1, 12, 0.28], [1, 13, 0.04], [1, 14, 0.27], [1, 15, -0.22], [1, 16, 0.16], [2, 0, 0.68], [2, 1, 0.89], [2, 2, 1.0], [2, 3, 0.43], [2, 4, 0.33], [2, 5, 0.26], [2, 6, 0.17], [2, 7, 0.29], [2, 8, 0.43], [2, 9, 0.24], [2, 10, 0.02], [2, 11, 0.02], [2, 12, 0.38], [2, 13, 0.01], [2, 14, 0.04], [2, 15, -0.23], [2, 16, 0.15], [3, 0, 0.26], [3, 1, 0.37], [3, 2, 0.43], [3, 3, 1.0], [3, 4, 0.54], [3, 5, 0.85], [3, 6, 0.52], [3, 7, 0.56], [3, 8, 0.69], [3, 9, 0.48], [3, 10, 0.48], [3, 11, 0.52], [3, 12, 0.49], [3, 13, 0.41], [3, 14, 0.08], [3, 15, -0.38], [3, 16, -0.45], [4, 0, 0.16], [4, 1, 0.42], [4, 2, 0.33], [4, 3, 0.54], [4, 4, 1.0], [4, 5, 0.47], [4, 6, 0.32], [4, 7, 0.56], [4, 8, 0.71], [4, 9, 0.51], [4, 10, 0.39], [4, 11, 0.23], [4, 12, 0.51], [4, 13, 0.19], [4, 14, 0.17], [4, 15, 0.05], [4, 16, -0.17], [5, 0, 0.15], [5, 1, 0.17], [5, 2, 0.26], [5, 3, 0.85], [5, 4, 0.47], [5, 5, 1.0], [5, 6, 0.65], [5, 7, 0.61], [5, 8, 0.69], [5, 9, 0.48], [5, 10, 0.73], [5, 11, 0.72], [5, 12, 0.67], [5, 13, 0.29], [5, 14, 0.13], [5, 15, -0.26], [5, 16, -0.42], [6, 0, 0.46], [6, 1, -0.01], [6, 2, 0.17], [6, 3, 0.52], [6, 4, 0.32], [6, 5, 0.65], [6, 6, 1.0], [6, 7, 0.59], [6, 8, 0.76], [6, 9, 0.28], [6, 10, 0.58], [6, 11, 0.61], [6, 12, 0.55], [6, 13, 0.27], [6, 14, -0.13], [6, 15, -0.25], [6, 16, -0.31], [7, 0, 0.3], [7, 1, 0.27], [7, 2, 0.29], [7, 3, 0.56], [7, 4, 0.56], [7, 5, 0.61], [7, 6, 0.59], [7, 7, 1.0], [7, 8, 0.67], [7, 9, 0.67], [7, 10, 0.6], [7, 11, 0.49], [7, 12, 0.33], [7, 13, 0.11], [7, 14, 0.01], [7, 15, -0.11], [7, 16, -0.2], [8, 0, 0.52], [8, 1, 0.34], [8, 2, 0.43], [8, 3, 0.69], [8, 4, 0.71], [8, 5, 0.69], [8, 6, 0.76], [8, 7, 0.67], [8, 8, 1.0], [8, 9, 0.43], [8, 10, 0.49], [8, 11, 0.38], [8, 12, 0.63], [8, 13, 0.24], [8, 14, 0.0], [8, 15, -0.4], [8, 16, -0.36], [9, 0, 0.27], [9, 1, 0.22], [9, 2, 0.24], [9, 3, 0.48], [9, 4, 0.51], [9, 5, 0.48], [9, 6, 0.28], [9, 7, 0.67], [9, 8, 0.43], [9, 9, 1.0], [9, 10, 0.64], [9, 11, 0.39], [9, 12, 0.17], [9, 13, 0.06], [9, 14, 0.13], [9, 15, -0.09], [9, 16, -0.17], [10, 0, 0.02], [10, 1, -0.06], [10, 2, 0.02], [10, 3, 0.48], [10, 4, 0.39], [10, 5, 0.73], [10, 6, 0.58], [10, 7, 0.6], [10, 8, 0.49], [10, 9, 0.64], [10, 10, 1.0], [10, 11, 0.84], [10, 12, 0.57], [10, 13, 0.1], [10, 14, 0.14], [10, 15, 0.15], [10, 16, -0.15], [11, 0, 0.09], [11, 1, -0.12], [11, 2, 0.02], [11, 3, 0.52], [11, 4, 0.23], [11, 5, 0.72], [11, 6, 0.61], [11, 7, 0.49], [11, 8, 0.38], [11, 9, 0.39], [11, 10, 0.84], [11, 11, 1.0], [11, 12, 0.58], [11, 13, 0.15], [11, 14, 0.12], [11, 15, 0.09], [11, 16, -0.12], [12, 0, 0.23], [12, 1, 0.28], [12, 2, 0.38], [12, 3, 0.49], [12, 4, 0.51], [12, 5, 0.67], [12, 6, 0.55], [12, 7, 0.33], [12, 8, 0.63], [12, 9, 0.17], [12, 10, 0.57], [12, 11, 0.58], [12, 12, 1.0], [12, 13, 0.39], [12, 14, 0.21], [12, 15, -0.04], [12, 16, -0.12], [13, 0, 0.03], [13, 1, 0.04], [13, 2, 0.01], [13, 3, 0.41], [13, 4, 0.19], [13, 5, 0.29], [13, 6, 0.27], [13, 7, 0.11], [13, 8, 0.24], [13, 9, 0.06], [13, 10, 0.1], [13, 11, 0.15], [13, 12, 0.39], [13, 13, 1.0], [13, 14, 0.33], [13, 15, -0.22], [13, 16, -0.21], [14, 0, -0.14], [14, 1, 0.27], [14, 2, 0.04], [14, 3, 0.08], [14, 4, 0.17], [14, 5, 0.13], [14, 6, -0.13], [14, 7, 0.01], [14, 8, 0.0], [14, 9, 0.13], [14, 10, 0.14], [14, 11, 0.12], [14, 12, 0.21], [14, 13, 0.33], [14, 14, 1.0], [14, 15, -0.05], [14, 16, -0.01], [15, 0, -0.32], [15, 1, -0.22], [15, 2, -0.23], [15, 3, -0.38], [15, 4, 0.05], [15, 5, -0.26], [15, 6, -0.25], [15, 7, -0.11], [15, 8, -0.4], [15, 9, -0.09], [15, 10, 0.15], [15, 11, 0.09], [15, 12, -0.04], [15, 13, -0.22], [15, 14, -0.05], [15, 15, 1.0], [15, 16, 0.51], [16, 0, 0.06], [16, 1, 0.16], [16, 2, 0.15], [16, 3, -0.45], [16, 4, -0.17], [16, 5, -0.42], [16, 6, -0.31], [16, 7, -0.2], [16, 8, -0.36], [16, 9, -0.17], [16, 10, -0.15], [16, 11, -0.12], [16, 12, -0.12], [16, 13, -0.21], [16, 14, -0.01], [16, 15, 0.51], [16, 16, 1.0]]