[[0, 0, 1.0], [0, 1, 0.88], [0, 2, 0.97], [0, 3, 0.58], [0, 4, -0.19], [0, 5, 0.48], [0, 6, 0.61], [0, 7, 0.13], [0, 8, 0.58], [0, 9, -0.34], [0, 10, -0.77], [0, 11, -0.66], [0, 12, 0.2], [0, 13, -0.42], [0, 14, -0.55], [0, 15, -0.52], [0, 16, -0.56], [1, 0, 0.88], [1, 1, 1.0], [1, 2, 0.96], [1, 3, 0.49], [1, 4, -0.26], [1, 5, 0.3], [1, 6, 0.41], [1, 7, 0.04], [1, 8, 0.34], [1, 9, -0.21], [1, 10, -0.61], [1, 11, -0.5], [1, 12, 0.14], [1, 13, -0.39], [1, 14, -0.32], [1, 15, -0.38], [1, 16, -0.33], [2, 0, 0.97], [2, 1, 0.96], [2, 2, 1.0], [2, 3, 0.55], [2, 4, -0.21], [2, 5, 0.4], [2, 6, 0.56], [2, 7, 0.11], [2, 8, 0.51], [2, 9, -0.27], [2, 10, -0.72], [2, 11, -0.6], [2, 12, 0.21], [2, 13, -0.41], [2, 14, -0.44], [2, 15, -0.45], [2, 16, -0.44], [3, 0, 0.58], [3, 1, 0.49], [3, 2, 0.55], [3, 3, 1.0], [3, 4, -0.16], [3, 5, 0.79], [3, 6, 0.55], [3, 7, 0.23], [3, 8, 0.46], [3, 9, -0.55], [3, 10, -0.69], [3, 11, -0.54], [3, 12, -0.13], [3, 13, -0.67], [3, 14, -0.21], [3, 15, -0.75], [3, 16, -0.58], [4, 0, -0.19], [4, 1, -0.26], [4, 2, -0.21], [4, 3, -0.16], [4, 4, 1.0], [4, 5, 0.03], [4, 6, 0.19], [4, 7, 0.76], [4, 8, 0.41], [4, 9, 0.72], [4, 10, 0.18], [4, 11, 0.16], [4, 12, 0.19], [4, 13, 0.04], [4, 14, 0.33], [4, 15, 0.09], [4, 16, 0.32], [5, 0, 0.48], [5, 1, 0.3], [5, 2, 0.4], [5, 3, 0.79], [5, 4, 0.03], [5, 5, 1.0], [5, 6, 0.66], [5, 7, 0.48], [5, 8, 0.55], [5, 9, -0.47], [5, 10, -0.58], [5, 11, -0.44], [5, 12, -0.03], [5, 13, -0.46], [5, 14, -0.16], [5, 15, -0.54], [5, 16, -0.38], [6, 0, 0.61], [6, 1, 0.41], [6, 2, 0.56], [6, 3, 0.55], [6, 4, 0.19], [6, 5, 0.66], [6, 6, 1.0], [6, 7, 0.54], [6, 8, 0.78], [6, 9, -0.22], [6, 10, -0.71], [6, 11, -0.62], [6, 12, 0.03], [6, 13, -0.24], [6, 14, -0.23], [6, 15, -0.34], [6, 16, -0.3], [7, 0, 0.13], [7, 1, 0.04], [7, 2, 0.11], [7, 3, 0.23], [7, 4, 0.76], [7, 5, 0.48], [7, 6, 0.54], [7, 7, 1.0], [7, 8, 0.63], [7, 9, 0.37], [7, 10, -0.2], [7, 11, -0.08], [7, 12, 0.14], [7, 13, -0.14], [7, 14, 0.39], [7, 15, -0.03], [7, 16, 0.28], [8, 0, 0.58], [8, 1, 0.34], [8, 2, 0.51], [8, 3, 0.46], [8, 4, 0.41], [8, 5, 0.55], [8, 6, 0.78], [8, 7, 0.63], [8, 8, 1.0], [8, 9, -0.01], [8, 10, -0.59], [8, 11, -0.46], [8, 12, 0.41], [8, 13, -0.22], [8, 14, -0.12], [8, 15, -0.24], [8, 16, -0.2], [9, 0, -0.34], [9, 1, -0.21], [9, 2, -0.27], [9, 3, -0.55], [9, 4, 0.72], [9, 5, -0.47], [9, 6, -0.22], [9, 7, 0.37], [9, 8, -0.01], [9, 9, 1.0], [9, 10, 0.46], [9, 11, 0.43], [9, 12, 0.26], [9, 13, 0.26], [9, 14, 0.48], [9, 15, 0.37], [9, 16, 0.61], [10, 0, -0.77], [10, 1, -0.61], [10, 2, -0.72], [10, 3, -0.69], [10, 4, 0.18], [10, 5, -0.58], [10, 6, -0.71], [10, 7, -0.2], [10, 8, -0.59], [10, 9, 0.46], [10, 10, 1.0], [10, 11, 0.89], [10, 12, 0.09], [10, 13, 0.61], [10, 14, 0.58], [10, 15, 0.58], [10, 16, 0.64], [11, 0, -0.66], [11, 1, -0.5], [11, 2, -0.6], [11, 3, -0.54], [11, 4, 0.16], [11, 5, -0.44], [11, 6, -0.62], [11, 7, -0.08], [11, 8, -0.46], [11, 9, 0.43], [11, 10, 0.89], [11, 11, 1.0], [11, 12, 0.29], [11, 13, 0.66], [11, 14, 0.69], [11, 15, 0.47], [11, 16, 0.69], [12, 0, 0.2], [12, 1, 0.14], [12, 2, 0.21], [12, 3, -0.13], [12, 4, 0.19], [12, 5, -0.03], [12, 6, 0.03], [12, 7, 0.14], [12, 8, 0.41], [12, 9, 0.26], [12, 10, 0.09], [12, 11, 0.29], [12, 12, 1.0], [12, 13, 0.26], [12, 14, 0.1], [12, 15, 0.12], [12, 16, 0.24], [13, 0, -0.42], [13, 1, -0.39], [13, 2, -0.41], [13, 3, -0.67], [13, 4, 0.04], [13, 5, -0.46], [13, 6, -0.24], [13, 7, -0.14], [13, 8, -0.22], [13, 9, 0.26], [13, 10, 0.61], [13, 11, 0.66], [13, 12, 0.26], [13, 13, 1.0], [13, 14, 0.33], [13, 15, 0.64], [13, 16, 0.53], [14, 0, -0.55], [14, 1, -0.32], [14, 2, -0.44], [14, 3, -0.21], [14, 4, 0.33], [14, 5, -0.16], [14, 6, -0.23], [14, 7, 0.39], [14, 8, -0.12], [14, 9, 0.48], [14, 10, 0.58], [14, 11, 0.69], [14, 12, 0.1], [14, 13, 0.33], [14, 14, 1.0], [14, 15, 0.48], [14, 16, 0.83], [15, 0, -0.52], [15, 1, -0.38], [15, 2, -0.45], [15, 3, -0.75], [15, 4, 0.09], [15, 5, -0.54], [15, 6, -0.34], [15, 7, -0.03], [15, 8, -0.24], [15, 9, 0.37], [15, 10, 0.58], [15, 11, 0.47], [15, 12, 0.12], [15, 13, 0.64], [15, 14, 0.48], [15, 15, 1.0], [15, 16, 0.76], [16, 0, -0.56], [16, 1, -0.33], [16, 2, -0.44], [16, 3, -0.58], [16, 4, 0.32], [16, 5, -0.38], [16, 6, -0.3], [16, 7, 0.28], [16, 8, -0.2], [16, 9, 0.61], [16, 10, 0.64], [16, 11, 0.69], [16, 12, 0.24], [16, 13, 0.53], [16, 14, 0.83], [16, 15, 0.76], [16, 16, 1.0]]