[[0, 0, 1.0], [0, 1, 0.96], [0, 2, 0.98], [0, 3, 0.12], [0, 4, -0.08], [0, 5, 0.37], [0, 6, 0.3], [0, 7, -0.07], [0, 8, 0.68], [0, 9, -0.38], [0, 10, 0.41], [0, 11, 0.76], [0, 12, 0.74], [0, 13, 0.6], [0, 14, 0.84], [0, 15, 0.18], [0, 16, 0.1], [1, 0, 0.96], [1, 1, 1.0], [1, 2, 0.99], [1, 3, 0.09], [1, 4, -0.2], [1, 5, 0.31], [1, 6, 0.23], [1, 7, -0.12], [1, 8, 0.65], [1, 9, -0.43], [1, 10, 0.34], [1, 11, 0.72], [1, 12, 0.69], [1, 13, 0.62], [1, 14, 0.82], [1, 15, 0.18], [1, 16, 0.16], [2, 0, 0.98], [2, 1, 0.99], [2, 2, 1.0], [2, 3, 0.09], [2, 4, -0.18], [2, 5, 0.34], [2, 6, 0.25], [2, 7, -0.13], [2, 8, 0.67], [2, 9, -0.42], [2, 10, 0.36], [2, 11, 0.75], [2, 12, 0.73], [2, 13, 0.66], [2, 14, 0.84], [2, 15, 0.2], [2, 16, 0.11], [3, 0, 0.12], [3, 1, 0.09], [3, 2, 0.09], [3, 3, 1.0], [3, 4, 0.82], [3, 5, 0.78], [3, 6, 0.83], [3, 7, 0.92], [3, 8, 0.69], [3, 9, -0.06], [3, 10, 0.74], [3, 11, 0.16], [3, 12, 0.33], [3, 13, 0.06], [3, 14, 0.42], [3, 15, -0.01], [3, 16, 0.47], [4, 0, -0.08], [4, 1, -0.2], [4, 2, -0.18], [4, 3, 0.82], [4, 4, 1.0], [4, 5, 0.72], [4, 6, 0.65], [4, 7, 0.84], [4, 8, 0.45], [4, 9, 0.17], [4, 10, 0.67], [4, 11, 0.01], [4, 12, 0.15], [4, 13, -0.17], [4, 14, 0.17], [4, 15, -0.06], [4, 16, 0.31], [5, 0, 0.37], [5, 1, 0.31], [5, 2, 0.34], [5, 3, 0.78], [5, 4, 0.72], [5, 5, 1.0], [5, 6, 0.64], [5, 7, 0.6], [5, 8, 0.82], [5, 9, 0.1], [5, 10, 0.7], [5, 11, 0.36], [5, 12, 0.65], [5, 13, 0.32], [5, 14, 0.54], [5, 15, -0.11], [5, 16, 0.21], [6, 0, 0.3], [6, 1, 0.23], [6, 2, 0.25], [6, 3, 0.83], [6, 4, 0.65], [6, 5, 0.64], [6, 6, 1.0], [6, 7, 0.74], [6, 8, 0.73], [6, 9, -0.04], [6, 10, 0.55], [6, 11, 0.14], [6, 12, 0.32], [6, 13, 0.13], [6, 14, 0.43], [6, 15, 0.13], [6, 16, 0.34], [7, 0, -0.07], [7, 1, -0.12], [7, 2, -0.13], [7, 3, 0.92], [7, 4, 0.84], [7, 5, 0.6], [7, 6, 0.74], [7, 7, 1.0], [7, 8, 0.48], [7, 9, -0.07], [7, 10, 0.62], [7, 11, -0.06], [7, 12, 0.03], [7, 13, -0.23], [7, 14, 0.24], [7, 15, -0.02], [7, 16, 0.53], [8, 0, 0.68], [8, 1, 0.65], [8, 2, 0.67], [8, 3, 0.69], [8, 4, 0.45], [8, 5, 0.82], [8, 6, 0.73], [8, 7, 0.48], [8, 8, 1.0], [8, 9, -0.23], [8, 10, 0.67], [8, 11, 0.58], [8, 12, 0.69], [8, 13, 0.47], [8, 14, 0.8], [8, 15, 0.16], [8, 16, 0.33], [9, 0, -0.38], [9, 1, -0.43], [9, 2, -0.42], [9, 3, -0.06], [9, 4, 0.17], [9, 5, 0.1], [9, 6, -0.04], [9, 7, -0.07], [9, 8, -0.23], [9, 9, 1.0], [9, 10, -0.24], [9, 11, -0.49], [9, 12, -0.24], [9, 13, -0.32], [9, 14, -0.52], [9, 15, -0.49], [9, 16, -0.35], [10, 0, 0.41], [10, 1, 0.34], [10, 2, 0.36], [10, 3, 0.74], [10, 4, 0.67], [10, 5, 0.7], [10, 6, 0.55], [10, 7, 0.62], [10, 8, 0.67], [10, 9, -0.24], [10, 10, 1.0], [10, 11, 0.51], [10, 12, 0.56], [10, 13, 0.35], [10, 14, 0.58], [10, 15, 0.12], [10, 16, 0.49], [11, 0, 0.76], [11, 1, 0.72], [11, 2, 0.75], [11, 3, 0.16], [11, 4, 0.01], [11, 5, 0.36], [11, 6, 0.14], [11, 7, -0.06], [11, 8, 0.58], [11, 9, -0.49], [11, 10, 0.51], [11, 11, 1.0], [11, 12, 0.75], [11, 13, 0.69], [11, 14, 0.81], [11, 15, 0.23], [11, 16, 0.1], [12, 0, 0.74], [12, 1, 0.69], [12, 2, 0.73], [12, 3, 0.33], [12, 4, 0.15], [12, 5, 0.65], [12, 6, 0.32], [12, 7, 0.03], [12, 8, 0.69], [12, 9, -0.24], [12, 10, 0.56], [12, 11, 0.75], [12, 12, 1.0], [12, 13, 0.83], [12, 14, 0.76], [12, 15, 0.16], [12, 16, -0.01], [13, 0, 0.6], [13, 1, 0.62], [13, 2, 0.66], [13, 3, 0.06], [13, 4, -0.17], [13, 5, 0.32], [13, 6, 0.13], [13, 7, -0.23], [13, 8, 0.47], [13, 9, -0.32], [13, 10, 0.35], [13, 11, 0.69], [13, 12, 0.83], [13, 13, 1.0], [13, 14, 0.67], [13, 15, 0.31], [13, 16, 0.04], [14, 0, 0.84], [14, 1, 0.82], [14, 2, 0.84], [14, 3, 0.42], [14, 4, 0.17], [14, 5, 0.54], [14, 6, 0.43], [14, 7, 0.24], [14, 8, 0.8], [14, 9, -0.52], [14, 10, 0.58], [14, 11, 0.81], [14, 12, 0.76], [14, 13, 0.67], [14, 14, 1.0], [14, 15, 0.27], [14, 16, 0.37], [15, 0, 0.18], [15, 1, 0.18], [15, 2, 0.2], [15, 3, -0.01], [15, 4, -0.06], [15, 5, -0.11], [15, 6, 0.13], [15, 7, -0.02], [15, 8, 0.16], [15, 9, -0.49], [15, 10, 0.12], [15, 11, 0.23], [15, 12, 0.16], [15, 13, 0.31], [15, 14, 0.27], [15, 15, 1.0], [15, 16, 0.4], [16, 0, 0.1], [16, 1, 0.16], [16, 2, 0.11], [16, 3, 0.47], [16, 4, 0.31], [16, 5, 0.21], [16, 6, 0.34], [16, 7, 0.53], [16, 8, 0.33], [16, 9, -0.35], [16, 10, 0.49], [16, 11, 0.1], [16, 12, -0.01], [16, 13, 0.04], [16, 14, 0.37], [16, 15, 0.4], [16, 16, 1.0]]