[[0, 0, 1.0], [0, 1, 0.88], [0, 2, 0.98], [0, 3, -0.08], [0, 4, -0.19], [0, 5, 0.06], [0, 6, 0.37], [0, 7, -0.34], [0, 8, 0.14], [0, 9, -0.24], [0, 10, -0.12], [0, 11, 0.07], [0, 12, 0.25], [0, 13, 0.31], [0, 14, -0.02], [0, 15, -0.18], [0, 16, 0.0], [1, 0, 0.88], [1, 1, 1.0], [1, 2, 0.95], [1, 3, -0.21], [1, 4, -0.23], [1, 5, -0.03], [1, 6, 0.06], [1, 7, -0.45], [1, 8, 0.12], [1, 9, -0.21], [1, 10, -0.26], [1, 11, 0.02], [1, 12, 0.13], [1, 13, 0.02], [1, 14, -0.1], [1, 15, -0.16], [1, 16, -0.04], [2, 0, 0.98], [2, 1, 0.95], [2, 2, 1.0], [2, 3, -0.13], [2, 4, -0.22], [2, 5, 0.0], [2, 6, 0.27], [2, 7, -0.42], [2, 8, 0.13], [2, 9, -0.26], [2, 10, -0.2], [2, 11, 0.03], [2, 12, 0.21], [2, 13, 0.23], [2, 14, -0.06], [2, 15, -0.18], [2, 16, -0.03], [3, 0, -0.08], [3, 1, -0.21], [3, 2, -0.13], [3, 3, 1.0], [3, 4, 0.47], [3, 5, 0.78], [3, 6, 0.64], [3, 7, 0.77], [3, 8, 0.6], [3, 9, -0.06], [3, 10, 0.78], [3, 11, 0.58], [3, 12, 0.31], [3, 13, 0.34], [3, 14, 0.08], [3, 15, 0.34], [3, 16, 0.12], [4, 0, -0.19], [4, 1, -0.23], [4, 2, -0.22], [4, 3, 0.47], [4, 4, 1.0], [4, 5, 0.65], [4, 6, 0.14], [4, 7, 0.57], [4, 8, 0.55], [4, 9, 0.34], [4, 10, 0.38], [4, 11, 0.19], [4, 12, -0.16], [4, 13, 0.03], [4, 14, -0.18], [4, 15, 0.19], [4, 16, -0.15], [5, 0, 0.06], [5, 1, -0.03], [5, 2, 0.0], [5, 3, 0.78], [5, 4, 0.65], [5, 5, 1.0], [5, 6, 0.65], [5, 7, 0.74], [5, 8, 0.86], [5, 9, 0.04], [5, 10, 0.72], [5, 11, 0.72], [5, 12, 0.38], [5, 13, 0.27], [5, 14, 0.19], [5, 15, 0.39], [5, 16, 0.12], [6, 0, 0.37], [6, 1, 0.06], [6, 2, 0.27], [6, 3, 0.64], [6, 4, 0.14], [6, 5, 0.65], [6, 6, 1.0], [6, 7, 0.36], [6, 8, 0.61], [6, 9, -0.34], [6, 10, 0.59], [6, 11, 0.61], [6, 12, 0.72], [6, 13, 0.71], [6, 14, 0.38], [6, 15, 0.36], [6, 16, 0.31], [7, 0, -0.34], [7, 1, -0.45], [7, 2, -0.42], [7, 3, 0.77], [7, 4, 0.57], [7, 5, 0.74], [7, 6, 0.36], [7, 7, 1.0], [7, 8, 0.52], [7, 9, 0.22], [7, 10, 0.75], [7, 11, 0.61], [7, 12, 0.14], [7, 13, 0.17], [7, 14, 0.09], [7, 15, 0.31], [7, 16, 0.2], [8, 0, 0.14], [8, 1, 0.12], [8, 2, 0.13], [8, 3, 0.6], [8, 4, 0.55], [8, 5, 0.86], [8, 6, 0.61], [8, 7, 0.52], [8, 8, 1.0], [8, 9, -0.15], [8, 10, 0.47], [8, 11, 0.68], [8, 12, 0.43], [8, 13, 0.19], [8, 14, 0.26], [8, 15, 0.39], [8, 16, 0.1], [9, 0, -0.24], [9, 1, -0.21], [9, 2, -0.26], [9, 3, -0.06], [9, 4, 0.34], [9, 5, 0.04], [9, 6, -0.34], [9, 7, 0.22], [9, 8, -0.15], [9, 9, 1.0], [9, 10, 0.13], [9, 11, -0.25], [9, 12, -0.53], [9, 13, -0.48], [9, 14, -0.55], [9, 15, -0.37], [9, 16, -0.33], [10, 0, -0.12], [10, 1, -0.26], [10, 2, -0.2], [10, 3, 0.78], [10, 4, 0.38], [10, 5, 0.72], [10, 6, 0.59], [10, 7, 0.75], [10, 8, 0.47], [10, 9, 0.13], [10, 10, 1.0], [10, 11, 0.64], [10, 12, 0.41], [10, 13, 0.45], [10, 14, 0.26], [10, 15, 0.5], [10, 16, 0.42], [11, 0, 0.07], [11, 1, 0.02], [11, 2, 0.03], [11, 3, 0.58], [11, 4, 0.19], [11, 5, 0.72], [11, 6, 0.61], [11, 7, 0.61], [11, 8, 0.68], [11, 9, -0.25], [11, 10, 0.64], [11, 11, 1.0], [11, 12, 0.57], [11, 13, 0.31], [11, 14, 0.51], [11, 15, 0.47], [11, 16, 0.49], [12, 0, 0.25], [12, 1, 0.13], [12, 2, 0.21], [12, 3, 0.31], [12, 4, -0.16], [12, 5, 0.38], [12, 6, 0.72], [12, 7, 0.14], [12, 8, 0.43], [12, 9, -0.53], [12, 10, 0.41], [12, 11, 0.57], [12, 12, 1.0], [12, 13, 0.68], [12, 14, 0.63], [12, 15, 0.55], [12, 16, 0.54], [13, 0, 0.31], [13, 1, 0.02], [13, 2, 0.23], [13, 3, 0.34], [13, 4, 0.03], [13, 5, 0.27], [13, 6, 0.71], [13, 7, 0.17], [13, 8, 0.19], [13, 9, -0.48], [13, 10, 0.45], [13, 11, 0.31], [13, 12, 0.68], [13, 13, 1.0], [13, 14, 0.51], [13, 15, 0.52], [13, 16, 0.57], [14, 0, -0.02], [14, 1, -0.1], [14, 2, -0.06], [14, 3, 0.08], [14, 4, -0.18], [14, 5, 0.19], [14, 6, 0.38], [14, 7, 0.09], [14, 8, 0.26], [14, 9, -0.55], [14, 10, 0.26], [14, 11, 0.51], [14, 12, 0.63], [14, 13, 0.51], [14, 14, 1.0], [14, 15, 0.44], [14, 16, 0.54], [15, 0, -0.18], [15, 1, -0.16], [15, 2, -0.18], [15, 3, 0.34], [15, 4, 0.19], [15, 5, 0.39], [15, 6, 0.36], [15, 7, 0.31], [15, 8, 0.39], [15, 9, -0.37], [15, 10, 0.5], [15, 11, 0.47], [15, 12, 0.55], [15, 13, 0.52], [15, 14, 0.44], [15, 15, 1.0], [15, 16, 0.79], [16, 0, 0.0], [16, 1, -0.04], [16, 2, -0.03], [16, 3, 0.12], [16, 4, -0.15], [16, 5, 0.12], [16, 6, 0.31], [16, 7, 0.2], [16, 8, 0.1], [16, 9, -0.33], [16, 10, 0.42], [16, 11, 0.49], [16, 12, 0.54], [16, 13, 0.57], [16, 14, 0.54], [16, 15, 0.79], [16, 16, 1.0]]