[[0, 0, 1.0], [0, 1, 0.89], [0, 2, 0.97], [0, 3, 0.59], [0, 4, -0.15], [0, 5, 0.81], [0, 6, 0.62], [0, 7, 0.28], [0, 8, 0.45], [0, 9, -0.32], [0, 10, -0.64], [0, 11, -0.44], [0, 12, 0.02], [0, 13, -0.5], [0, 14, -0.56], [0, 15, -0.31], [0, 16, -0.42], [1, 0, 0.89], [1, 1, 1.0], [1, 2, 0.97], [1, 3, 0.55], [1, 4, -0.11], [1, 5, 0.84], [1, 6, 0.6], [1, 7, 0.36], [1, 8, 0.53], [1, 9, -0.14], [1, 10, -0.53], [1, 11, -0.32], [1, 12, 0.05], [1, 13, -0.42], [1, 14, -0.34], [1, 15, -0.37], [1, 16, -0.41], [2, 0, 0.97], [2, 1, 0.97], [2, 2, 1.0], [2, 3, 0.56], [2, 4, -0.11], [2, 5, 0.84], [2, 6, 0.66], [2, 7, 0.33], [2, 8, 0.54], [2, 9, -0.27], [2, 10, -0.6], [2, 11, -0.38], [2, 12, 0.07], [2, 13, -0.44], [2, 14, -0.45], [2, 15, -0.35], [2, 16, -0.4], [3, 0, 0.59], [3, 1, 0.55], [3, 2, 0.56], [3, 3, 1.0], [3, 4, -0.22], [3, 5, 0.73], [3, 6, 0.26], [3, 7, 0.19], [3, 8, 0.14], [3, 9, -0.44], [3, 10, -0.44], [3, 11, -0.35], [3, 12, -0.38], [3, 13, -0.47], [3, 14, -0.23], [3, 15, -0.43], [3, 16, -0.48], [4, 0, -0.15], [4, 1, -0.11], [4, 2, -0.11], [4, 3, -0.22], [4, 4, 1.0], [4, 5, -0.24], [4, 6, -0.02], [4, 7, 0.42], [4, 8, 0.28], [4, 9, 0.49], [4, 10, 0.26], [4, 11, 0.28], [4, 12, 0.34], [4, 13, 0.21], [4, 14, 0.46], [4, 15, 0.33], [4, 16, 0.54], [5, 0, 0.81], [5, 1, 0.84], [5, 2, 0.84], [5, 3, 0.73], [5, 4, -0.24], [5, 5, 1.0], [5, 6, 0.52], [5, 7, 0.39], [5, 8, 0.45], [5, 9, -0.35], [5, 10, -0.58], [5, 11, -0.48], [5, 12, -0.11], [5, 13, -0.36], [5, 14, -0.27], [5, 15, -0.3], [5, 16, -0.44], [6, 0, 0.62], [6, 1, 0.6], [6, 2, 0.66], [6, 3, 0.26], [6, 4, -0.02], [6, 5, 0.52], [6, 6, 1.0], [6, 7, 0.35], [6, 8, 0.65], [6, 9, -0.17], [6, 10, -0.46], [6, 11, -0.26], [6, 12, 0.14], [6, 13, -0.11], [6, 14, -0.25], [6, 15, -0.29], [6, 16, -0.04], [7, 0, 0.28], [7, 1, 0.36], [7, 2, 0.33], [7, 3, 0.19], [7, 4, 0.42], [7, 5, 0.39], [7, 6, 0.35], [7, 7, 1.0], [7, 8, 0.56], [7, 9, 0.48], [7, 10, -0.03], [7, 11, 0.01], [7, 12, 0.24], [7, 13, 0.09], [7, 14, 0.28], [7, 15, 0.03], [7, 16, 0.22], [8, 0, 0.45], [8, 1, 0.53], [8, 2, 0.54], [8, 3, 0.14], [8, 4, 0.28], [8, 5, 0.45], [8, 6, 0.65], [8, 7, 0.56], [8, 8, 1.0], [8, 9, 0.24], [8, 10, -0.01], [8, 11, 0.04], [8, 12, 0.52], [8, 13, 0.1], [8, 14, -0.03], [8, 15, -0.17], [8, 16, 0.07], [9, 0, -0.32], [9, 1, -0.14], [9, 2, -0.27], [9, 3, -0.44], [9, 4, 0.49], [9, 5, -0.35], [9, 6, -0.17], [9, 7, 0.48], [9, 8, 0.24], [9, 9, 1.0], [9, 10, 0.42], [9, 11, 0.42], [9, 12, 0.46], [9, 13, 0.27], [9, 14, 0.44], [9, 15, 0.25], [9, 16, 0.48], [10, 0, -0.64], [10, 1, -0.53], [10, 2, -0.6], [10, 3, -0.44], [10, 4, 0.26], [10, 5, -0.58], [10, 6, -0.46], [10, 7, -0.03], [10, 8, -0.01], [10, 9, 0.42], [10, 10, 1.0], [10, 11, 0.9], [10, 12, 0.35], [10, 13, 0.65], [10, 14, 0.6], [10, 15, 0.31], [10, 16, 0.54], [11, 0, -0.44], [11, 1, -0.32], [11, 2, -0.38], [11, 3, -0.35], [11, 4, 0.28], [11, 5, -0.48], [11, 6, -0.26], [11, 7, 0.01], [11, 8, 0.04], [11, 9, 0.42], [11, 10, 0.9], [11, 11, 1.0], [11, 12, 0.46], [11, 13, 0.61], [11, 14, 0.61], [11, 15, 0.26], [11, 16, 0.64], [12, 0, 0.02], [12, 1, 0.05], [12, 2, 0.07], [12, 3, -0.38], [12, 4, 0.34], [12, 5, -0.11], [12, 6, 0.14], [12, 7, 0.24], [12, 8, 0.52], [12, 9, 0.46], [12, 10, 0.35], [12, 11, 0.46], [12, 12, 1.0], [12, 13, 0.44], [12, 14, 0.22], [12, 15, 0.06], [12, 16, 0.4], [13, 0, -0.5], [13, 1, -0.42], [13, 2, -0.44], [13, 3, -0.47], [13, 4, 0.21], [13, 5, -0.36], [13, 6, -0.11], [13, 7, 0.09], [13, 8, 0.1], [13, 9, 0.27], [13, 10, 0.65], [13, 11, 0.61], [13, 12, 0.44], [13, 13, 1.0], [13, 14, 0.48], [13, 15, 0.53], [13, 16, 0.48], [14, 0, -0.56], [14, 1, -0.34], [14, 2, -0.45], [14, 3, -0.23], [14, 4, 0.46], [14, 5, -0.27], [14, 6, -0.25], [14, 7, 0.28], [14, 8, -0.03], [14, 9, 0.44], [14, 10, 0.6], [14, 11, 0.61], [14, 12, 0.22], [14, 13, 0.48], [14, 14, 1.0], [14, 15, 0.23], [14, 16, 0.74], [15, 0, -0.31], [15, 1, -0.37], [15, 2, -0.35], [15, 3, -0.43], [15, 4, 0.33], [15, 5, -0.3], [15, 6, -0.29], [15, 7, 0.03], [15, 8, -0.17], [15, 9, 0.25], [15, 10, 0.31], [15, 11, 0.26], [15, 12, 0.06], [15, 13, 0.53], [15, 14, 0.23], [15, 15, 1.0], [15, 16, 0.53], [16, 0, -0.42], [16, 1, -0.41], [16, 2, -0.4], [16, 3, -0.48], [16, 4, 0.54], [16, 5, -0.44], [16, 6, -0.04], [16, 7, 0.22], [16, 8, 0.07], [16, 9, 0.48], [16, 10, 0.54], [16, 11, 0.64], [16, 12, 0.4], [16, 13, 0.48], [16, 14, 0.74], [16, 15, 0.53], [16, 16, 1.0]]