[[0, 0, 1.0], [0, 1, 0.91], [0, 2, 0.97], [0, 3, 0.45], [0, 4, -0.26], [0, 5, 0.59], [0, 6, 0.49], [0, 7, 0.17], [0, 8, 0.59], [0, 9, -0.43], [0, 10, 0.23], [0, 11, 0.4], [0, 12, 0.5], [0, 13, 0.43], [0, 14, 0.48], [0, 15, 0.39], [0, 16, 0.31], [1, 0, 0.91], [1, 1, 1.0], [1, 2, 0.98], [1, 3, 0.33], [1, 4, -0.34], [1, 5, 0.58], [1, 6, 0.52], [1, 7, 0.14], [1, 8, 0.59], [1, 9, -0.47], [1, 10, 0.1], [1, 11, 0.27], [1, 12, 0.51], [1, 13, 0.32], [1, 14, 0.54], [1, 15, 0.29], [1, 16, 0.2], [2, 0, 0.97], [2, 1, 0.98], [2, 2, 1.0], [2, 3, 0.38], [2, 4, -0.28], [2, 5, 0.59], [2, 6, 0.52], [2, 7, 0.17], [2, 8, 0.61], [2, 9, -0.45], [2, 10, 0.19], [2, 11, 0.35], [2, 12, 0.52], [2, 13, 0.41], [2, 14, 0.54], [2, 15, 0.37], [2, 16, 0.28], [3, 0, 0.45], [3, 1, 0.33], [3, 2, 0.38], [3, 3, 1.0], [3, 4, -0.15], [3, 5, 0.8], [3, 6, 0.54], [3, 7, 0.8], [3, 8, 0.7], [3, 9, -0.33], [3, 10, 0.6], [3, 11, 0.61], [3, 12, 0.66], [3, 13, 0.18], [3, 14, 0.18], [3, 15, 0.07], [3, 16, 0.18], [4, 0, -0.26], [4, 1, -0.34], [4, 2, -0.28], [4, 3, -0.15], [4, 4, 1.0], [4, 5, -0.18], [4, 6, -0.49], [4, 7, 0.11], [4, 8, -0.38], [4, 9, 0.8], [4, 10, 0.19], [4, 11, -0.08], [4, 12, -0.18], [4, 13, -0.17], [4, 14, 0.19], [4, 15, 0.41], [4, 16, 0.32], [5, 0, 0.59], [5, 1, 0.58], [5, 2, 0.59], [5, 3, 0.8], [5, 4, -0.18], [5, 5, 1.0], [5, 6, 0.59], [5, 7, 0.6], [5, 8, 0.68], [5, 9, -0.3], [5, 10, 0.34], [5, 11, 0.48], [5, 12, 0.59], [5, 13, 0.22], [5, 14, 0.32], [5, 15, 0.33], [5, 16, 0.38], [6, 0, 0.49], [6, 1, 0.52], [6, 2, 0.52], [6, 3, 0.54], [6, 4, -0.49], [6, 5, 0.59], [6, 6, 1.0], [6, 7, 0.5], [6, 8, 0.89], [6, 9, -0.51], [6, 10, 0.33], [6, 11, 0.62], [6, 12, 0.68], [6, 13, 0.62], [6, 14, 0.33], [6, 15, 0.07], [6, 16, 0.28], [7, 0, 0.17], [7, 1, 0.14], [7, 2, 0.17], [7, 3, 0.8], [7, 4, 0.11], [7, 5, 0.6], [7, 6, 0.5], [7, 7, 1.0], [7, 8, 0.7], [7, 9, -0.13], [7, 10, 0.72], [7, 11, 0.66], [7, 12, 0.59], [7, 13, 0.15], [7, 14, 0.28], [7, 15, -0.08], [7, 16, 0.12], [8, 0, 0.59], [8, 1, 0.59], [8, 2, 0.61], [8, 3, 0.7], [8, 4, -0.38], [8, 5, 0.68], [8, 6, 0.89], [8, 7, 0.7], [8, 8, 1.0], [8, 9, -0.5], [8, 10, 0.58], [8, 11, 0.77], [8, 12, 0.81], [8, 13, 0.52], [8, 14, 0.41], [8, 15, 0.07], [8, 16, 0.29], [9, 0, -0.43], [9, 1, -0.47], [9, 2, -0.45], [9, 3, -0.33], [9, 4, 0.8], [9, 5, -0.3], [9, 6, -0.51], [9, 7, -0.13], [9, 8, -0.5], [9, 9, 1.0], [9, 10, 0.01], [9, 11, -0.19], [9, 12, -0.32], [9, 13, -0.17], [9, 14, 0.1], [9, 15, 0.2], [9, 16, 0.31], [10, 0, 0.23], [10, 1, 0.1], [10, 2, 0.19], [10, 3, 0.6], [10, 4, 0.19], [10, 5, 0.34], [10, 6, 0.33], [10, 7, 0.72], [10, 8, 0.58], [10, 9, 0.01], [10, 10, 1.0], [10, 11, 0.79], [10, 12, 0.7], [10, 13, 0.36], [10, 14, 0.43], [10, 15, -0.02], [10, 16, 0.18], [11, 0, 0.4], [11, 1, 0.27], [11, 2, 0.35], [11, 3, 0.61], [11, 4, -0.08], [11, 5, 0.48], [11, 6, 0.62], [11, 7, 0.66], [11, 8, 0.77], [11, 9, -0.19], [11, 10, 0.79], [11, 11, 1.0], [11, 12, 0.72], [11, 13, 0.51], [11, 14, 0.57], [11, 15, 0.12], [11, 16, 0.27], [12, 0, 0.5], [12, 1, 0.51], [12, 2, 0.52], [12, 3, 0.66], [12, 4, -0.18], [12, 5, 0.59], [12, 6, 0.68], [12, 7, 0.59], [12, 8, 0.81], [12, 9, -0.32], [12, 10, 0.7], [12, 11, 0.72], [12, 12, 1.0], [12, 13, 0.44], [12, 14, 0.57], [12, 15, 0.12], [12, 16, 0.21], [13, 0, 0.43], [13, 1, 0.32], [13, 2, 0.41], [13, 3, 0.18], [13, 4, -0.17], [13, 5, 0.22], [13, 6, 0.62], [13, 7, 0.15], [13, 8, 0.52], [13, 9, -0.17], [13, 10, 0.36], [13, 11, 0.51], [13, 12, 0.44], [13, 13, 1.0], [13, 14, 0.5], [13, 15, 0.3], [13, 16, 0.43], [14, 0, 0.48], [14, 1, 0.54], [14, 2, 0.54], [14, 3, 0.18], [14, 4, 0.19], [14, 5, 0.32], [14, 6, 0.33], [14, 7, 0.28], [14, 8, 0.41], [14, 9, 0.1], [14, 10, 0.43], [14, 11, 0.57], [14, 12, 0.57], [14, 13, 0.5], [14, 14, 1.0], [14, 15, 0.34], [14, 16, 0.29], [15, 0, 0.39], [15, 1, 0.29], [15, 2, 0.37], [15, 3, 0.07], [15, 4, 0.41], [15, 5, 0.33], [15, 6, 0.07], [15, 7, -0.08], [15, 8, 0.07], [15, 9, 0.2], [15, 10, -0.02], [15, 11, 0.12], [15, 12, 0.12], [15, 13, 0.3], [15, 14, 0.34], [15, 15, 1.0], [15, 16, 0.77], [16, 0, 0.31], [16, 1, 0.2], [16, 2, 0.28], [16, 3, 0.18], [16, 4, 0.32], [16, 5, 0.38], [16, 6, 0.28], [16, 7, 0.12], [16, 8, 0.29], [16, 9, 0.31], [16, 10, 0.18], [16, 11, 0.27], [16, 12, 0.21], [16, 13, 0.43], [16, 14, 0.29], [16, 15, 0.77], [16, 16, 1.0]]