[[0, 0, 1.0], [0, 1, 0.38], [0, 2, 0.92], [0, 3, 0.46], [0, 4, -0.35], [0, 5, 0.66], [0, 6, 0.72], [0, 7, 0.32], [0, 8, 0.73], [0, 9, -0.27], [0, 10, 0.33], [0, 11, 0.29], [0, 12, 0.38], [0, 13, 0.44], [0, 14, 0.23], [0, 15, -0.05], [0, 16, 0.0], [1, 0, 0.38], [1, 1, 1.0], [1, 2, 0.66], [1, 3, 0.1], [1, 4, 0.05], [1, 5, 0.47], [1, 6, 0.39], [1, 7, -0.12], [1, 8, 0.46], [1, 9, 0.17], [1, 10, -0.3], [1, 11, -0.26], [1, 12, 0.07], [1, 13, -0.37], [1, 14, -0.16], [1, 15, -0.32], [1, 16, -0.37], [2, 0, 0.92], [2, 1, 0.66], [2, 2, 1.0], [2, 3, 0.43], [2, 4, -0.31], [2, 5, 0.74], [2, 6, 0.73], [2, 7, 0.24], [2, 8, 0.76], [2, 9, -0.19], [2, 10, 0.21], [2, 11, 0.16], [2, 12, 0.33], [2, 13, 0.25], [2, 14, 0.09], [2, 15, -0.21], [2, 16, -0.16], [3, 0, 0.46], [3, 1, 0.1], [3, 2, 0.43], [3, 3, 1.0], [3, 4, 0.09], [3, 5, 0.68], [3, 6, 0.6], [3, 7, 0.89], [3, 8, 0.64], [3, 9, 0.04], [3, 10, 0.49], [3, 11, 0.44], [3, 12, 0.26], [3, 13, 0.44], [3, 14, 0.34], [3, 15, -0.13], [3, 16, -0.15], [4, 0, -0.35], [4, 1, 0.05], [4, 2, -0.31], [4, 3, 0.09], [4, 4, 1.0], [4, 5, -0.06], [4, 6, -0.32], [4, 7, 0.31], [4, 8, -0.2], [4, 9, 0.66], [4, 10, -0.17], [4, 11, -0.26], [4, 12, -0.35], [4, 13, -0.4], [4, 14, -0.17], [4, 15, -0.35], [4, 16, -0.08], [5, 0, 0.66], [5, 1, 0.47], [5, 2, 0.74], [5, 3, 0.68], [5, 4, -0.06], [5, 5, 1.0], [5, 6, 0.76], [5, 7, 0.55], [5, 8, 0.85], [5, 9, -0.07], [5, 10, 0.42], [5, 11, 0.35], [5, 12, 0.48], [5, 13, 0.27], [5, 14, 0.14], [5, 15, -0.13], [5, 16, -0.19], [6, 0, 0.72], [6, 1, 0.39], [6, 2, 0.73], [6, 3, 0.6], [6, 4, -0.32], [6, 5, 0.76], [6, 6, 1.0], [6, 7, 0.48], [6, 8, 0.84], [6, 9, -0.22], [6, 10, 0.35], [6, 11, 0.5], [6, 12, 0.53], [6, 13, 0.42], [6, 14, 0.34], [6, 15, 0.07], [6, 16, -0.08], [7, 0, 0.32], [7, 1, -0.12], [7, 2, 0.24], [7, 3, 0.89], [7, 4, 0.31], [7, 5, 0.55], [7, 6, 0.48], [7, 7, 1.0], [7, 8, 0.42], [7, 9, 0.12], [7, 10, 0.52], [7, 11, 0.46], [7, 12, 0.21], [7, 13, 0.43], [7, 14, 0.29], [7, 15, -0.13], [7, 16, -0.04], [8, 0, 0.73], [8, 1, 0.46], [8, 2, 0.76], [8, 3, 0.64], [8, 4, -0.2], [8, 5, 0.85], [8, 6, 0.84], [8, 7, 0.42], [8, 8, 1.0], [8, 9, -0.11], [8, 10, 0.44], [8, 11, 0.44], [8, 12, 0.52], [8, 13, 0.24], [8, 14, 0.19], [8, 15, -0.11], [8, 16, -0.18], [9, 0, -0.27], [9, 1, 0.17], [9, 2, -0.19], [9, 3, 0.04], [9, 4, 0.66], [9, 5, -0.07], [9, 6, -0.22], [9, 7, 0.12], [9, 8, -0.11], [9, 9, 1.0], [9, 10, -0.13], [9, 11, -0.2], [9, 12, -0.24], [9, 13, -0.53], [9, 14, 0.29], [9, 15, -0.01], [9, 16, 0.17], [10, 0, 0.33], [10, 1, -0.3], [10, 2, 0.21], [10, 3, 0.49], [10, 4, -0.17], [10, 5, 0.42], [10, 6, 0.35], [10, 7, 0.52], [10, 8, 0.44], [10, 9, -0.13], [10, 10, 1.0], [10, 11, 0.91], [10, 12, 0.7], [10, 13, 0.3], [10, 14, 0.36], [10, 15, 0.28], [10, 16, 0.31], [11, 0, 0.29], [11, 1, -0.26], [11, 2, 0.16], [11, 3, 0.44], [11, 4, -0.26], [11, 5, 0.35], [11, 6, 0.5], [11, 7, 0.46], [11, 8, 0.44], [11, 9, -0.2], [11, 10, 0.91], [11, 11, 1.0], [11, 12, 0.75], [11, 13, 0.33], [11, 14, 0.52], [11, 15, 0.49], [11, 16, 0.42], [12, 0, 0.38], [12, 1, 0.07], [12, 2, 0.33], [12, 3, 0.26], [12, 4, -0.35], [12, 5, 0.48], [12, 6, 0.53], [12, 7, 0.21], [12, 8, 0.52], [12, 9, -0.24], [12, 10, 0.7], [12, 11, 0.75], [12, 12, 1.0], [12, 13, 0.04], [12, 14, 0.24], [12, 15, 0.32], [12, 16, 0.17], [13, 0, 0.44], [13, 1, -0.37], [13, 2, 0.25], [13, 3, 0.44], [13, 4, -0.4], [13, 5, 0.27], [13, 6, 0.42], [13, 7, 0.43], [13, 8, 0.24], [13, 9, -0.53], [13, 10, 0.3], [13, 11, 0.33], [13, 12, 0.04], [13, 13, 1.0], [13, 14, 0.26], [13, 15, 0.09], [13, 16, 0.15], [14, 0, 0.23], [14, 1, -0.16], [14, 2, 0.09], [14, 3, 0.34], [14, 4, -0.17], [14, 5, 0.14], [14, 6, 0.34], [14, 7, 0.29], [14, 8, 0.19], [14, 9, 0.29], [14, 10, 0.36], [14, 11, 0.52], [14, 12, 0.24], [14, 13, 0.26], [14, 14, 1.0], [14, 15, 0.71], [14, 16, 0.67], [15, 0, -0.05], [15, 1, -0.32], [15, 2, -0.21], [15, 3, -0.13], [15, 4, -0.35], [15, 5, -0.13], [15, 6, 0.07], [15, 7, -0.13], [15, 8, -0.11], [15, 9, -0.01], [15, 10, 0.28], [15, 11, 0.49], [15, 12, 0.32], [15, 13, 0.09], [15, 14, 0.71], [15, 15, 1.0], [15, 16, 0.71], [16, 0, 0.0], [16, 1, -0.37], [16, 2, -0.16], [16, 3, -0.15], [16, 4, -0.08], [16, 5, -0.19], [16, 6, -0.08], [16, 7, -0.04], [16, 8, -0.18], [16, 9, 0.17], [16, 10, 0.31], [16, 11, 0.42], [16, 12, 0.17], [16, 13, 0.15], [16, 14, 0.67], [16, 15, 0.71], [16, 16, 1.0]]