[[0, 0, 1.0], [0, 1, 0.96], [0, 2, 0.99], [0, 3, 0.32], [0, 4, -0.01], [0, 5, 0.57], [0, 6, 0.33], [0, 7, 0.13], [0, 8, 0.77], [0, 9, -0.52], [0, 10, 0.66], [0, 11, 0.75], [0, 12, 0.78], [0, 13, 0.75], [0, 14, 0.73], [0, 15, 0.15], [0, 16, 0.27], [1, 0, 0.96], [1, 1, 1.0], [1, 2, 0.99], [1, 3, 0.27], [1, 4, -0.07], [1, 5, 0.49], [1, 6, 0.31], [1, 7, 0.11], [1, 8, 0.71], [1, 9, -0.54], [1, 10, 0.57], [1, 11, 0.69], [1, 12, 0.7], [1, 13, 0.63], [1, 14, 0.69], [1, 15, 0.15], [1, 16, 0.32], [2, 0, 0.99], [2, 1, 0.99], [2, 2, 1.0], [2, 3, 0.29], [2, 4, -0.07], [2, 5, 0.53], [2, 6, 0.31], [2, 7, 0.1], [2, 8, 0.74], [2, 9, -0.54], [2, 10, 0.62], [2, 11, 0.75], [2, 12, 0.75], [2, 13, 0.72], [2, 14, 0.73], [2, 15, 0.17], [2, 16, 0.29], [3, 0, 0.32], [3, 1, 0.27], [3, 2, 0.29], [3, 3, 1.0], [3, 4, 0.75], [3, 5, 0.76], [3, 6, 0.89], [3, 7, 0.91], [3, 8, 0.74], [3, 9, -0.12], [3, 10, 0.65], [3, 11, 0.25], [3, 12, 0.36], [3, 13, 0.04], [3, 14, 0.46], [3, 15, 0.1], [3, 16, 0.29], [4, 0, -0.01], [4, 1, -0.07], [4, 2, -0.07], [4, 3, 0.75], [4, 4, 1.0], [4, 5, 0.64], [4, 6, 0.7], [4, 7, 0.75], [4, 8, 0.51], [4, 9, 0.28], [4, 10, 0.37], [4, 11, -0.04], [4, 12, 0.3], [4, 13, -0.18], [4, 14, 0.22], [4, 15, 0.15], [4, 16, 0.24], [5, 0, 0.57], [5, 1, 0.49], [5, 2, 0.53], [5, 3, 0.76], [5, 4, 0.64], [5, 5, 1.0], [5, 6, 0.67], [5, 7, 0.58], [5, 8, 0.88], [5, 9, 0.03], [5, 10, 0.64], [5, 11, 0.44], [5, 12, 0.66], [5, 13, 0.29], [5, 14, 0.57], [5, 15, 0.04], [5, 16, 0.1], [6, 0, 0.33], [6, 1, 0.31], [6, 2, 0.31], [6, 3, 0.89], [6, 4, 0.7], [6, 5, 0.67], [6, 6, 1.0], [6, 7, 0.85], [6, 8, 0.75], [6, 9, -0.08], [6, 10, 0.47], [6, 11, 0.18], [6, 12, 0.4], [6, 13, 0.04], [6, 14, 0.45], [6, 15, 0.03], [6, 16, 0.24], [7, 0, 0.13], [7, 1, 0.11], [7, 2, 0.1], [7, 3, 0.91], [7, 4, 0.75], [7, 5, 0.58], [7, 6, 0.85], [7, 7, 1.0], [7, 8, 0.55], [7, 9, -0.13], [7, 10, 0.44], [7, 11, 0.0], [7, 12, 0.13], [7, 13, -0.25], [7, 14, 0.33], [7, 15, 0.03], [7, 16, 0.35], [8, 0, 0.77], [8, 1, 0.71], [8, 2, 0.74], [8, 3, 0.74], [8, 4, 0.51], [8, 5, 0.88], [8, 6, 0.75], [8, 7, 0.55], [8, 8, 1.0], [8, 9, -0.23], [8, 10, 0.75], [8, 11, 0.63], [8, 12, 0.76], [8, 13, 0.46], [8, 14, 0.76], [8, 15, 0.12], [8, 16, 0.23], [9, 0, -0.52], [9, 1, -0.54], [9, 2, -0.54], [9, 3, -0.12], [9, 4, 0.28], [9, 5, 0.03], [9, 6, -0.08], [9, 7, -0.13], [9, 8, -0.23], [9, 9, 1.0], [9, 10, -0.34], [9, 11, -0.55], [9, 12, -0.18], [9, 13, -0.37], [9, 14, -0.41], [9, 15, -0.36], [9, 16, -0.32], [10, 0, 0.66], [10, 1, 0.57], [10, 2, 0.62], [10, 3, 0.65], [10, 4, 0.37], [10, 5, 0.64], [10, 6, 0.47], [10, 7, 0.44], [10, 8, 0.75], [10, 9, -0.34], [10, 10, 1.0], [10, 11, 0.68], [10, 12, 0.67], [10, 13, 0.57], [10, 14, 0.72], [10, 15, 0.23], [10, 16, 0.45], [11, 0, 0.75], [11, 1, 0.69], [11, 2, 0.75], [11, 3, 0.25], [11, 4, -0.04], [11, 5, 0.44], [11, 6, 0.18], [11, 7, 0.0], [11, 8, 0.63], [11, 9, -0.55], [11, 10, 0.68], [11, 11, 1.0], [11, 12, 0.73], [11, 13, 0.79], [11, 14, 0.77], [11, 15, 0.34], [11, 16, 0.11], [12, 0, 0.78], [12, 1, 0.7], [12, 2, 0.75], [12, 3, 0.36], [12, 4, 0.3], [12, 5, 0.66], [12, 6, 0.4], [12, 7, 0.13], [12, 8, 0.76], [12, 9, -0.18], [12, 10, 0.67], [12, 11, 0.73], [12, 12, 1.0], [12, 13, 0.73], [12, 14, 0.65], [12, 15, 0.15], [12, 16, 0.09], [13, 0, 0.75], [13, 1, 0.63], [13, 2, 0.72], [13, 3, 0.04], [13, 4, -0.18], [13, 5, 0.29], [13, 6, 0.04], [13, 7, -0.25], [13, 8, 0.46], [13, 9, -0.37], [13, 10, 0.57], [13, 11, 0.79], [13, 12, 0.73], [13, 13, 1.0], [13, 14, 0.54], [13, 15, 0.25], [13, 16, 0.05], [14, 0, 0.73], [14, 1, 0.69], [14, 2, 0.73], [14, 3, 0.46], [14, 4, 0.22], [14, 5, 0.57], [14, 6, 0.45], [14, 7, 0.33], [14, 8, 0.76], [14, 9, -0.41], [14, 10, 0.72], [14, 11, 0.77], [14, 12, 0.65], [14, 13, 0.54], [14, 14, 1.0], [14, 15, 0.23], [14, 16, 0.43], [15, 0, 0.15], [15, 1, 0.15], [15, 2, 0.17], [15, 3, 0.1], [15, 4, 0.15], [15, 5, 0.04], [15, 6, 0.03], [15, 7, 0.03], [15, 8, 0.12], [15, 9, -0.36], [15, 10, 0.23], [15, 11, 0.34], [15, 12, 0.15], [15, 13, 0.25], [15, 14, 0.23], [15, 15, 1.0], [15, 16, 0.43], [16, 0, 0.27], [16, 1, 0.32], [16, 2, 0.29], [16, 3, 0.29], [16, 4, 0.24], [16, 5, 0.1], [16, 6, 0.24], [16, 7, 0.35], [16, 8, 0.23], [16, 9, -0.32], [16, 10, 0.45], [16, 11, 0.11], [16, 12, 0.09], [16, 13, 0.05], [16, 14, 0.43], [16, 15, 0.43], [16, 16, 1.0]]