[[0, 0, 1.0], [0, 1, 0.96], [0, 2, 0.98], [0, 3, 0.14], [0, 4, -0.08], [0, 5, 0.4], [0, 6, 0.31], [0, 7, -0.07], [0, 8, 0.68], [0, 9, -0.35], [0, 10, 0.44], [0, 11, 0.77], [0, 12, 0.73], [0, 13, 0.62], [0, 14, 0.79], [0, 15, 0.14], [0, 16, 0.12], [1, 0, 0.96], [1, 1, 1.0], [1, 2, 0.99], [1, 3, 0.11], [1, 4, -0.19], [1, 5, 0.34], [1, 6, 0.25], [1, 7, -0.11], [1, 8, 0.66], [1, 9, -0.4], [1, 10, 0.38], [1, 11, 0.73], [1, 12, 0.68], [1, 13, 0.63], [1, 14, 0.79], [1, 15, 0.15], [1, 16, 0.19], [2, 0, 0.98], [2, 1, 0.99], [2, 2, 1.0], [2, 3, 0.1], [2, 4, -0.17], [2, 5, 0.37], [2, 6, 0.27], [2, 7, -0.13], [2, 8, 0.67], [2, 9, -0.38], [2, 10, 0.39], [2, 11, 0.77], [2, 12, 0.73], [2, 13, 0.68], [2, 14, 0.8], [2, 15, 0.16], [2, 16, 0.13], [3, 0, 0.14], [3, 1, 0.11], [3, 2, 0.1], [3, 3, 1.0], [3, 4, 0.82], [3, 5, 0.77], [3, 6, 0.81], [3, 7, 0.91], [3, 8, 0.69], [3, 9, -0.14], [3, 10, 0.73], [3, 11, 0.16], [3, 12, 0.34], [3, 13, 0.12], [3, 14, 0.37], [3, 15, -0.02], [3, 16, 0.4], [4, 0, -0.08], [4, 1, -0.19], [4, 2, -0.17], [4, 3, 0.82], [4, 4, 1.0], [4, 5, 0.73], [4, 6, 0.64], [4, 7, 0.83], [4, 8, 0.48], [4, 9, 0.13], [4, 10, 0.63], [4, 11, -0.02], [4, 12, 0.2], [4, 13, -0.07], [4, 14, 0.22], [4, 15, -0.08], [4, 16, 0.27], [5, 0, 0.4], [5, 1, 0.34], [5, 2, 0.37], [5, 3, 0.77], [5, 4, 0.73], [5, 5, 1.0], [5, 6, 0.62], [5, 7, 0.58], [5, 8, 0.83], [5, 9, 0.04], [5, 10, 0.69], [5, 11, 0.36], [5, 12, 0.67], [5, 13, 0.38], [5, 14, 0.52], [5, 15, -0.11], [5, 16, 0.15], [6, 0, 0.31], [6, 1, 0.25], [6, 2, 0.27], [6, 3, 0.81], [6, 4, 0.64], [6, 5, 0.62], [6, 6, 1.0], [6, 7, 0.72], [6, 8, 0.74], [6, 9, -0.06], [6, 10, 0.52], [6, 11, 0.13], [6, 12, 0.34], [6, 13, 0.18], [6, 14, 0.45], [6, 15, 0.14], [6, 16, 0.33], [7, 0, -0.07], [7, 1, -0.11], [7, 2, -0.13], [7, 3, 0.91], [7, 4, 0.83], [7, 5, 0.58], [7, 6, 0.72], [7, 7, 1.0], [7, 8, 0.48], [7, 9, -0.11], [7, 10, 0.58], [7, 11, -0.08], [7, 12, 0.04], [7, 13, -0.19], [7, 14, 0.24], [7, 15, -0.04], [7, 16, 0.51], [8, 0, 0.68], [8, 1, 0.66], [8, 2, 0.67], [8, 3, 0.69], [8, 4, 0.48], [8, 5, 0.83], [8, 6, 0.74], [8, 7, 0.48], [8, 8, 1.0], [8, 9, -0.22], [8, 10, 0.68], [8, 11, 0.58], [8, 12, 0.7], [8, 13, 0.5], [8, 14, 0.77], [8, 15, 0.13], [8, 16, 0.33], [9, 0, -0.35], [9, 1, -0.4], [9, 2, -0.38], [9, 3, -0.14], [9, 4, 0.13], [9, 5, 0.04], [9, 6, -0.06], [9, 7, -0.11], [9, 8, -0.22], [9, 9, 1.0], [9, 10, -0.3], [9, 11, -0.54], [9, 12, -0.21], [9, 13, -0.31], [9, 14, -0.4], [9, 15, -0.39], [9, 16, -0.37], [10, 0, 0.44], [10, 1, 0.38], [10, 2, 0.39], [10, 3, 0.73], [10, 4, 0.63], [10, 5, 0.69], [10, 6, 0.52], [10, 7, 0.58], [10, 8, 0.68], [10, 9, -0.3], [10, 10, 1.0], [10, 11, 0.52], [10, 12, 0.6], [10, 13, 0.45], [10, 14, 0.59], [10, 15, 0.11], [10, 16, 0.45], [11, 0, 0.77], [11, 1, 0.73], [11, 2, 0.77], [11, 3, 0.16], [11, 4, -0.02], [11, 5, 0.36], [11, 6, 0.13], [11, 7, -0.08], [11, 8, 0.58], [11, 9, -0.54], [11, 10, 0.52], [11, 11, 1.0], [11, 12, 0.76], [11, 13, 0.72], [11, 14, 0.77], [11, 15, 0.25], [11, 16, 0.06], [12, 0, 0.73], [12, 1, 0.68], [12, 2, 0.73], [12, 3, 0.34], [12, 4, 0.2], [12, 5, 0.67], [12, 6, 0.34], [12, 7, 0.04], [12, 8, 0.7], [12, 9, -0.21], [12, 10, 0.6], [12, 11, 0.76], [12, 12, 1.0], [12, 13, 0.84], [12, 14, 0.72], [12, 15, 0.14], [12, 16, 0.01], [13, 0, 0.62], [13, 1, 0.63], [13, 2, 0.68], [13, 3, 0.12], [13, 4, -0.07], [13, 5, 0.38], [13, 6, 0.18], [13, 7, -0.19], [13, 8, 0.5], [13, 9, -0.31], [13, 10, 0.45], [13, 11, 0.72], [13, 12, 0.84], [13, 13, 1.0], [13, 14, 0.64], [13, 15, 0.35], [13, 16, 0.05], [14, 0, 0.79], [14, 1, 0.79], [14, 2, 0.8], [14, 3, 0.37], [14, 4, 0.22], [14, 5, 0.52], [14, 6, 0.45], [14, 7, 0.24], [14, 8, 0.77], [14, 9, -0.4], [14, 10, 0.59], [14, 11, 0.77], [14, 12, 0.72], [14, 13, 0.64], [14, 14, 1.0], [14, 15, 0.28], [14, 16, 0.44], [15, 0, 0.14], [15, 1, 0.15], [15, 2, 0.16], [15, 3, -0.02], [15, 4, -0.08], [15, 5, -0.11], [15, 6, 0.14], [15, 7, -0.04], [15, 8, 0.13], [15, 9, -0.39], [15, 10, 0.11], [15, 11, 0.25], [15, 12, 0.14], [15, 13, 0.35], [15, 14, 0.28], [15, 15, 1.0], [15, 16, 0.52], [16, 0, 0.12], [16, 1, 0.19], [16, 2, 0.13], [16, 3, 0.4], [16, 4, 0.27], [16, 5, 0.15], [16, 6, 0.33], [16, 7, 0.51], [16, 8, 0.33], [16, 9, -0.37], [16, 10, 0.45], [16, 11, 0.06], [16, 12, 0.01], [16, 13, 0.05], [16, 14, 0.44], [16, 15, 0.52], [16, 16, 1.0]]