[[0, 0, 1.0], [0, 1, 0.94], [0, 2, 0.98], [0, 3, 0.66], [0, 4, -0.18], [0, 5, 0.72], [0, 6, 0.68], [0, 7, 0.29], [0, 8, 0.71], [0, 9, 0.2], [0, 10, 0.3], [0, 11, 0.49], [0, 12, 0.6], [0, 13, 0.44], [0, 14, 0.45], [0, 15, 0.36], [0, 16, 0.43], [1, 0, 0.94], [1, 1, 1.0], [1, 2, 0.98], [1, 3, 0.61], [1, 4, -0.25], [1, 5, 0.73], [1, 6, 0.7], [1, 7, 0.26], [1, 8, 0.71], [1, 9, 0.11], [1, 10, 0.3], [1, 11, 0.48], [1, 12, 0.65], [1, 13, 0.42], [1, 14, 0.5], [1, 15, 0.39], [1, 16, 0.46], [2, 0, 0.98], [2, 1, 0.98], [2, 2, 1.0], [2, 3, 0.65], [2, 4, -0.19], [2, 5, 0.74], [2, 6, 0.7], [2, 7, 0.29], [2, 8, 0.73], [2, 9, 0.18], [2, 10, 0.33], [2, 11, 0.51], [2, 12, 0.63], [2, 13, 0.4], [2, 14, 0.48], [2, 15, 0.38], [2, 16, 0.48], [3, 0, 0.66], [3, 1, 0.61], [3, 2, 0.65], [3, 3, 1.0], [3, 4, 0.11], [3, 5, 0.75], [3, 6, 0.67], [3, 7, 0.76], [3, 8, 0.8], [3, 9, 0.18], [3, 10, 0.55], [3, 11, 0.58], [3, 12, 0.71], [3, 13, 0.3], [3, 14, 0.32], [3, 15, 0.27], [3, 16, 0.33], [4, 0, -0.18], [4, 1, -0.25], [4, 2, -0.19], [4, 3, 0.11], [4, 4, 1.0], [4, 5, -0.05], [4, 6, -0.24], [4, 7, 0.51], [4, 8, -0.01], [4, 9, 0.41], [4, 10, 0.36], [4, 11, 0.23], [4, 12, 0.02], [4, 13, -0.3], [4, 14, 0.17], [4, 15, 0.01], [4, 16, -0.1], [5, 0, 0.72], [5, 1, 0.73], [5, 2, 0.74], [5, 3, 0.75], [5, 4, -0.05], [5, 5, 1.0], [5, 6, 0.72], [5, 7, 0.59], [5, 8, 0.8], [5, 9, 0.33], [5, 10, 0.4], [5, 11, 0.51], [5, 12, 0.65], [5, 13, 0.35], [5, 14, 0.49], [5, 15, 0.38], [5, 16, 0.52], [6, 0, 0.68], [6, 1, 0.7], [6, 2, 0.7], [6, 3, 0.67], [6, 4, -0.24], [6, 5, 0.72], [6, 6, 1.0], [6, 7, 0.51], [6, 8, 0.91], [6, 9, 0.22], [6, 10, 0.38], [6, 11, 0.49], [6, 12, 0.67], [6, 13, 0.41], [6, 14, 0.18], [6, 15, 0.02], [6, 16, 0.3], [7, 0, 0.29], [7, 1, 0.26], [7, 2, 0.29], [7, 3, 0.76], [7, 4, 0.51], [7, 5, 0.59], [7, 6, 0.51], [7, 7, 1.0], [7, 8, 0.71], [7, 9, 0.4], [7, 10, 0.61], [7, 11, 0.55], [7, 12, 0.55], [7, 13, 0.01], [7, 14, 0.3], [7, 15, -0.06], [7, 16, 0.13], [8, 0, 0.71], [8, 1, 0.71], [8, 2, 0.73], [8, 3, 0.8], [8, 4, -0.01], [8, 5, 0.8], [8, 6, 0.91], [8, 7, 0.71], [8, 8, 1.0], [8, 9, 0.28], [8, 10, 0.62], [8, 11, 0.68], [8, 12, 0.79], [8, 13, 0.33], [8, 14, 0.34], [8, 15, 0.11], [8, 16, 0.41], [9, 0, 0.2], [9, 1, 0.11], [9, 2, 0.18], [9, 3, 0.18], [9, 4, 0.41], [9, 5, 0.33], [9, 6, 0.22], [9, 7, 0.4], [9, 8, 0.28], [9, 9, 1.0], [9, 10, 0.43], [9, 11, 0.34], [9, 12, 0.22], [9, 13, 0.06], [9, 14, 0.48], [9, 15, -0.27], [9, 16, 0.31], [10, 0, 0.3], [10, 1, 0.3], [10, 2, 0.33], [10, 3, 0.55], [10, 4, 0.36], [10, 5, 0.4], [10, 6, 0.38], [10, 7, 0.61], [10, 8, 0.62], [10, 9, 0.43], [10, 10, 1.0], [10, 11, 0.85], [10, 12, 0.59], [10, 13, 0.17], [10, 14, 0.56], [10, 15, 0.06], [10, 16, 0.47], [11, 0, 0.49], [11, 1, 0.48], [11, 2, 0.51], [11, 3, 0.58], [11, 4, 0.23], [11, 5, 0.51], [11, 6, 0.49], [11, 7, 0.55], [11, 8, 0.68], [11, 9, 0.34], [11, 10, 0.85], [11, 11, 1.0], [11, 12, 0.63], [11, 13, 0.23], [11, 14, 0.63], [11, 15, 0.27], [11, 16, 0.44], [12, 0, 0.6], [12, 1, 0.65], [12, 2, 0.63], [12, 3, 0.71], [12, 4, 0.02], [12, 5, 0.65], [12, 6, 0.67], [12, 7, 0.55], [12, 8, 0.79], [12, 9, 0.22], [12, 10, 0.59], [12, 11, 0.63], [12, 12, 1.0], [12, 13, 0.38], [12, 14, 0.53], [12, 15, 0.21], [12, 16, 0.24], [13, 0, 0.44], [13, 1, 0.42], [13, 2, 0.4], [13, 3, 0.3], [13, 4, -0.3], [13, 5, 0.35], [13, 6, 0.41], [13, 7, 0.01], [13, 8, 0.33], [13, 9, 0.06], [13, 10, 0.17], [13, 11, 0.23], [13, 12, 0.38], [13, 13, 1.0], [13, 14, 0.39], [13, 15, 0.12], [13, 16, 0.27], [14, 0, 0.45], [14, 1, 0.5], [14, 2, 0.48], [14, 3, 0.32], [14, 4, 0.17], [14, 5, 0.49], [14, 6, 0.18], [14, 7, 0.3], [14, 8, 0.34], [14, 9, 0.48], [14, 10, 0.56], [14, 11, 0.63], [14, 12, 0.53], [14, 13, 0.39], [14, 14, 1.0], [14, 15, 0.25], [14, 16, 0.45], [15, 0, 0.36], [15, 1, 0.39], [15, 2, 0.38], [15, 3, 0.27], [15, 4, 0.01], [15, 5, 0.38], [15, 6, 0.02], [15, 7, -0.06], [15, 8, 0.11], [15, 9, -0.27], [15, 10, 0.06], [15, 11, 0.27], [15, 12, 0.21], [15, 13, 0.12], [15, 14, 0.25], [15, 15, 1.0], [15, 16, 0.52], [16, 0, 0.43], [16, 1, 0.46], [16, 2, 0.48], [16, 3, 0.33], [16, 4, -0.1], [16, 5, 0.52], [16, 6, 0.3], [16, 7, 0.13], [16, 8, 0.41], [16, 9, 0.31], [16, 10, 0.47], [16, 11, 0.44], [16, 12, 0.24], [16, 13, 0.27], [16, 14, 0.45], [16, 15, 0.52], [16, 16, 1.0]]