[[0, 0, 1.0], [0, 1, 0.38], [0, 2, 0.92], [0, 3, 0.46], [0, 4, -0.35], [0, 5, 0.66], [0, 6, 0.71], [0, 7, 0.33], [0, 8, 0.72], [0, 9, -0.26], [0, 10, 0.33], [0, 11, 0.29], [0, 12, 0.38], [0, 13, 0.46], [0, 14, 0.22], [0, 15, -0.09], [0, 16, -0.02], [1, 0, 0.38], [1, 1, 1.0], [1, 2, 0.66], [1, 3, 0.1], [1, 4, 0.05], [1, 5, 0.46], [1, 6, 0.39], [1, 7, -0.11], [1, 8, 0.45], [1, 9, 0.17], [1, 10, -0.29], [1, 11, -0.26], [1, 12, 0.07], [1, 13, -0.37], [1, 14, -0.16], [1, 15, -0.37], [1, 16, -0.39], [2, 0, 0.92], [2, 1, 0.66], [2, 2, 1.0], [2, 3, 0.42], [2, 4, -0.31], [2, 5, 0.73], [2, 6, 0.7], [2, 7, 0.24], [2, 8, 0.75], [2, 9, -0.19], [2, 10, 0.21], [2, 11, 0.15], [2, 12, 0.33], [2, 13, 0.27], [2, 14, 0.08], [2, 15, -0.27], [2, 16, -0.19], [3, 0, 0.46], [3, 1, 0.1], [3, 2, 0.42], [3, 3, 1.0], [3, 4, 0.1], [3, 5, 0.7], [3, 6, 0.62], [3, 7, 0.88], [3, 8, 0.65], [3, 9, 0.05], [3, 10, 0.5], [3, 11, 0.41], [3, 12, 0.21], [3, 13, 0.41], [3, 14, 0.36], [3, 15, -0.12], [3, 16, -0.14], [4, 0, -0.35], [4, 1, 0.05], [4, 2, -0.31], [4, 3, 0.1], [4, 4, 1.0], [4, 5, -0.04], [4, 6, -0.28], [4, 7, 0.31], [4, 8, -0.18], [4, 9, 0.66], [4, 10, -0.16], [4, 11, -0.27], [4, 12, -0.37], [4, 13, -0.42], [4, 14, -0.15], [4, 15, -0.35], [4, 16, -0.06], [5, 0, 0.66], [5, 1, 0.46], [5, 2, 0.73], [5, 3, 0.7], [5, 4, -0.04], [5, 5, 1.0], [5, 6, 0.77], [5, 7, 0.55], [5, 8, 0.85], [5, 9, -0.05], [5, 10, 0.44], [5, 11, 0.33], [5, 12, 0.43], [5, 13, 0.25], [5, 14, 0.16], [5, 15, -0.13], [5, 16, -0.18], [6, 0, 0.71], [6, 1, 0.39], [6, 2, 0.7], [6, 3, 0.62], [6, 4, -0.28], [6, 5, 0.77], [6, 6, 1.0], [6, 7, 0.48], [6, 8, 0.85], [6, 9, -0.19], [6, 10, 0.37], [6, 11, 0.45], [6, 12, 0.47], [6, 13, 0.39], [6, 14, 0.35], [6, 15, 0.07], [6, 16, -0.07], [7, 0, 0.33], [7, 1, -0.11], [7, 2, 0.24], [7, 3, 0.88], [7, 4, 0.31], [7, 5, 0.55], [7, 6, 0.48], [7, 7, 1.0], [7, 8, 0.42], [7, 9, 0.12], [7, 10, 0.53], [7, 11, 0.45], [7, 12, 0.2], [7, 13, 0.43], [7, 14, 0.3], [7, 15, -0.13], [7, 16, -0.03], [8, 0, 0.72], [8, 1, 0.45], [8, 2, 0.75], [8, 3, 0.65], [8, 4, -0.18], [8, 5, 0.85], [8, 6, 0.85], [8, 7, 0.42], [8, 8, 1.0], [8, 9, -0.09], [8, 10, 0.46], [8, 11, 0.41], [8, 12, 0.46], [8, 13, 0.21], [8, 14, 0.21], [8, 15, -0.11], [8, 16, -0.17], [9, 0, -0.26], [9, 1, 0.17], [9, 2, -0.19], [9, 3, 0.05], [9, 4, 0.66], [9, 5, -0.05], [9, 6, -0.19], [9, 7, 0.12], [9, 8, -0.09], [9, 9, 1.0], [9, 10, -0.12], [9, 11, -0.21], [9, 12, -0.25], [9, 13, -0.55], [9, 14, 0.31], [9, 15, -0.0], [9, 16, 0.19], [10, 0, 0.33], [10, 1, -0.29], [10, 2, 0.21], [10, 3, 0.5], [10, 4, -0.16], [10, 5, 0.44], [10, 6, 0.37], [10, 7, 0.53], [10, 8, 0.46], [10, 9, -0.12], [10, 10, 1.0], [10, 11, 0.89], [10, 12, 0.66], [10, 13, 0.29], [10, 14, 0.38], [10, 15, 0.31], [10, 16, 0.33], [11, 0, 0.29], [11, 1, -0.26], [11, 2, 0.15], [11, 3, 0.41], [11, 4, -0.27], [11, 5, 0.33], [11, 6, 0.45], [11, 7, 0.45], [11, 8, 0.41], [11, 9, -0.21], [11, 10, 0.89], [11, 11, 1.0], [11, 12, 0.75], [11, 13, 0.35], [11, 14, 0.5], [11, 15, 0.52], [11, 16, 0.41], [12, 0, 0.38], [12, 1, 0.07], [12, 2, 0.33], [12, 3, 0.21], [12, 4, -0.37], [12, 5, 0.43], [12, 6, 0.47], [12, 7, 0.2], [12, 8, 0.46], [12, 9, -0.25], [12, 10, 0.66], [12, 11, 0.75], [12, 12, 1.0], [12, 13, 0.05], [12, 14, 0.23], [12, 15, 0.38], [12, 16, 0.17], [13, 0, 0.46], [13, 1, -0.37], [13, 2, 0.27], [13, 3, 0.41], [13, 4, -0.42], [13, 5, 0.25], [13, 6, 0.39], [13, 7, 0.43], [13, 8, 0.21], [13, 9, -0.55], [13, 10, 0.29], [13, 11, 0.35], [13, 12, 0.05], [13, 13, 1.0], [13, 14, 0.28], [13, 15, 0.17], [13, 16, 0.19], [14, 0, 0.22], [14, 1, -0.16], [14, 2, 0.08], [14, 3, 0.36], [14, 4, -0.15], [14, 5, 0.16], [14, 6, 0.35], [14, 7, 0.3], [14, 8, 0.21], [14, 9, 0.31], [14, 10, 0.38], [14, 11, 0.5], [14, 12, 0.23], [14, 13, 0.28], [14, 14, 1.0], [14, 15, 0.72], [14, 16, 0.66], [15, 0, -0.09], [15, 1, -0.37], [15, 2, -0.27], [15, 3, -0.12], [15, 4, -0.35], [15, 5, -0.13], [15, 6, 0.07], [15, 7, -0.13], [15, 8, -0.11], [15, 9, -0.0], [15, 10, 0.31], [15, 11, 0.52], [15, 12, 0.38], [15, 13, 0.17], [15, 14, 0.72], [15, 15, 1.0], [15, 16, 0.7], [16, 0, -0.02], [16, 1, -0.39], [16, 2, -0.19], [16, 3, -0.14], [16, 4, -0.06], [16, 5, -0.18], [16, 6, -0.07], [16, 7, -0.03], [16, 8, -0.17], [16, 9, 0.19], [16, 10, 0.33], [16, 11, 0.41], [16, 12, 0.17], [16, 13, 0.19], [16, 14, 0.66], [16, 15, 0.7], [16, 16, 1.0]]